01 03 05 21 22 
01 03 05 22 25 
01 03 05 22 34 
01 03 10 16 22 
01 03 10 17 22 
01 03 10 18 22 
01 03 10 19 22 
01 03 10 20 22 
01 03 10 21 22 
01 03 10 22 25 
01 03 10 22 34 
01 03 11 30 34 
01 03 22 30 34 
01 04 05 08 34 
01 04 05 09 34 
01 04 05 17 25 
01 04 05 17 34 
01 04 05 18 22 
01 04 05 19 22 
01 04 05 20 22 
01 04 05 20 25 
01 04 05 20 34 
01 04 05 21 22 
01 04 05 21 25 
01 04 05 21 34 
01 04 05 22 25 
01 04 05 22 34 
01 04 05 23 25 
01 04 05 23 34 
01 04 08 30 34 
01 04 17 30 34 
01 04 20 30 34 
01 04 21 30 34 
01 04 22 30 34 
01 04 23 30 34 
01 10 12 13 22 
01 10 12 16 22 
01 10 12 17 22 
01 10 12 18 22 
01 10 12 19 22 
01 10 12 20 22 
01 10 12 21 22 
01 10 12 22 25 
01 10 12 22 34 
01 10 13 17 22 
01 10 13 18 22 
01 10 13 20 22 
01 10 13 21 22 
01 10 16 18 22 
01 10 16 22 34 
01 10 17 18 22 
01 10 17 19 22 
01 10 17 22 25 
01 10 17 22 34 
01 10 18 20 22 
01 10 18 21 22 
01 10 18 22 34 
01 10 19 20 22 
01 10 19 21 22 
01 10 20 22 25 
01 10 20 22 34 
01 10 21 22 25 
01 10 22 23 25 
01 10 22 23 34 
01 10 22 24 25 
01 10 22 24 34 
01 10 22 27 34 
01 10 22 30 34 
01 12 22 30 34 
01 13 22 30 34 
01 15 22 30 34 
01 16 22 30 34 
01 18 22 30 34 
01 21 22 30 34 
01 22 23 30 34 
01 22 24 30 34 
01 22 25 30 34 
01 22 27 30 34 
01 22 30 33 34 
05 06 08 09 22 
05 06 08 10 22 
05 06 08 11 20 
05 06 08 11 25 
05 06 08 11 34 
05 06 08 12 22 
05 06 08 13 22 
05 06 08 14 22 
05 06 08 17 22 
05 06 08 18 22 
05 06 08 19 22 
05 06 08 20 22 
05 06 08 22 25 
05 06 08 22 34 
05 06 09 11 20 
05 06 09 11 22 
05 06 09 11 25 
05 06 09 11 34 
05 06 09 12 22 
05 06 09 13 22 
05 06 09 15 22 
05 06 09 16 22 
05 06 09 17 22 
05 06 09 19 22 
05 06 09 20 22 
05 06 09 21 22 
05 06 09 22 25 
05 06 09 22 26 
05 06 09 22 34 
05 06 10 12 22 
05 06 10 13 22 
05 06 10 16 22 
05 06 10 17 22 
05 06 10 18 22 
05 06 10 19 22 
05 06 10 20 22 
05 06 10 21 22 
05 06 10 22 26 
05 06 10 22 34 
05 06 11 12 20 
05 06 11 12 22 
05 06 11 12 25 
05 06 11 12 34 
05 06 11 13 20 
05 06 11 13 22 
05 06 11 13 25 
05 06 11 13 34 
05 06 11 16 20 
05 06 11 16 25 
05 06 11 16 34 
05 06 11 17 20 
05 06 11 17 25 
05 06 11 17 34 
05 06 11 18 20 
05 06 11 18 22 
05 06 11 18 25 
05 06 11 18 34 
05 06 11 19 20 
05 06 11 19 22 
05 06 11 19 25 
05 06 11 20 22 
05 06 11 20 34 
05 06 11 21 25 
05 06 11 21 34 
05 06 11 22 25 
05 06 11 22 34 
05 06 11 23 25 
05 06 11 23 34 
05 06 11 24 25 
05 06 11 24 34 
05 06 11 25 34 
05 06 11 26 34 
05 06 11 27 34 
05 06 11 30 34 
05 06 11 31 34 
05 06 11 33 34 
05 06 12 13 22 
05 06 12 14 22 
05 06 12 15 22 
05 06 12 16 22 
05 06 12 18 22 
05 06 12 19 22 
05 06 12 20 22 
05 06 12 21 22 
05 06 12 22 25 
05 06 12 22 26 
05 06 12 22 34 
05 06 13 15 22 
05 06 13 16 22 
05 06 13 17 22 
05 06 13 18 22 
05 06 13 19 22 
05 06 13 20 22 
05 06 13 22 25 
05 06 13 22 26 
05 06 13 22 34 
05 06 14 16 22 
05 06 14 17 22 
05 06 14 18 22 
05 06 14 19 22 
05 06 14 20 22 
05 06 14 22 25 
05 06 14 22 26 
05 06 14 22 34 
05 06 15 17 22 
05 06 15 18 22 
05 06 15 19 22 
05 06 15 20 22 
05 06 15 22 34 
05 06 16 17 22 
05 06 16 18 22 
05 06 16 19 22 
05 06 16 20 22 
05 06 16 22 25 
05 06 16 22 34 
05 06 17 18 22 
05 06 17 19 22 
05 06 17 20 22 
05 06 17 21 22 
05 06 17 22 25 
05 06 17 22 26 
05 06 17 22 34 
05 06 18 19 22 
05 06 18 20 22 
05 06 18 21 22 
05 06 18 22 25 
05 06 18 22 26 
05 06 18 22 34 
05 06 19 20 22 
05 06 19 21 22 
05 06 19 22 25 
05 06 19 22 26 
05 06 20 22 26 
05 06 20 22 34 
05 06 21 22 25 
05 06 21 22 34 
05 06 22 23 25 
05 06 22 23 26 
05 06 22 23 34 
05 06 22 24 25 
05 06 22 24 26 
05 06 22 24 34 
05 06 22 25 26 
05 06 22 25 34 
05 06 22 26 34 
05 06 22 27 34 
05 06 22 30 34 
05 06 22 31 34 
05 06 22 33 34 
05 07 08 11 20 
05 07 08 11 22 
05 07 08 11 25 
05 07 08 11 26 
05 07 08 13 22 
05 07 08 14 22 
05 07 08 15 22 
05 07 08 16 22 
05 07 08 20 22 
05 07 08 21 22 
05 07 08 22 25 
05 07 08 22 26 
05 07 11 12 20 
05 07 11 12 25 
05 07 11 16 20 
05 07 11 16 22 
05 07 11 16 25 
05 07 11 20 22 
05 07 11 20 26 
05 07 11 21 22 
05 07 11 22 25 
05 07 11 22 26 
05 07 11 24 25 
05 07 11 24 26 
05 07 11 25 26 
05 07 12 22 25 
05 07 13 14 22 
05 07 13 15 22 
05 07 13 16 22 
05 07 13 20 22 
05 07 13 21 22 
05 07 13 22 25 
05 07 13 22 26 
05 07 14 16 22 
05 07 14 20 22 
05 07 14 21 22 
05 07 14 22 25 
05 07 14 22 26 
05 07 15 16 22 
05 07 15 20 22 
05 07 15 21 22 
05 07 16 20 22 
05 07 16 21 22 
05 07 16 22 25 
05 07 16 22 26 
05 07 17 22 25 
05 07 17 22 26 
05 07 20 22 26 
05 07 21 22 25 
05 07 21 22 26 
05 07 22 23 25 
05 07 22 23 26 
05 07 22 24 25 
05 07 22 25 26 
05 09 11 13 20 
05 09 11 13 22 
05 09 11 13 26 
05 09 11 13 28 
05 09 11 13 32 
05 09 11 13 34 
05 09 11 16 25 
05 09 11 16 32 
05 09 11 16 34 
05 09 11 17 32 
05 09 11 17 34 
05 09 11 19 20 
05 09 11 19 22 
05 09 11 20 32 
05 09 11 20 34 
05 09 11 21 32 
05 09 11 21 34 
05 09 11 22 25 
05 09 11 22 34 
05 09 11 23 32 
05 09 11 23 34 
05 09 11 24 25 
05 09 11 24 26 
05 09 11 24 28 
05 09 11 24 32 
05 09 11 25 28 
05 09 11 25 34 
05 09 11 26 34 
05 09 11 27 32 
05 09 11 27 34 
05 09 11 31 32 
05 09 11 31 34 
05 09 11 32 34 
05 09 12 13 22 
05 09 12 15 32 
05 09 12 16 22 
05 09 12 16 32 
05 09 12 20 22 
05 09 12 21 22 
05 09 12 21 32 
05 09 12 22 25 
05 09 12 22 26 
05 09 12 22 28 
05 09 12 22 34 
05 09 12 31 32 
05 09 13 15 22 
05 09 13 15 32 
05 09 13 16 22 
05 09 13 16 32 
05 09 13 19 22 
05 09 13 20 22 
05 09 13 21 22 
05 09 13 21 32 
05 09 13 22 25 
05 09 13 22 28 
05 09 13 22 32 
05 09 13 22 34 
05 09 13 31 32 
05 09 15 16 32 
05 09 15 17 32 
05 09 15 19 22 
05 09 15 20 32 
05 09 15 21 32 
05 09 15 22 32 
05 09 15 22 34 
05 09 15 23 32 
05 09 15 24 32 
05 09 15 31 32 
05 09 15 32 34 
05 09 16 17 32 
05 09 16 19 22 
05 09 16 20 32 
05 09 16 21 32 
05 09 16 22 25 
05 09 16 22 32 
05 09 16 22 34 
05 09 16 23 32 
05 09 16 24 32 
05 09 16 31 32 
05 09 16 32 34 
05 09 17 19 22 
05 09 17 21 32 
05 09 17 22 25 
05 09 17 22 34 
05 09 17 31 32 
05 09 19 20 22 
05 09 19 21 22 
05 09 20 21 32 
05 09 20 22 32 
05 09 20 22 34 
05 09 20 31 32 
05 09 21 22 25 
05 09 21 22 32 
05 09 21 23 32 
05 09 21 24 32 
05 09 21 27 32 
05 09 21 31 32 
05 09 21 32 34 
05 09 22 23 25 
05 09 22 23 32 
05 09 22 23 34 
05 09 22 24 25 
05 09 22 24 28 
05 09 22 24 32 
05 09 22 25 28 
05 09 22 25 34 
05 09 22 26 34 
05 09 22 27 34 
05 09 22 31 32 
05 09 22 31 34 
05 09 22 32 34 
05 09 23 31 32 
05 09 24 31 32 
05 09 27 31 32 
05 09 31 32 34 
05 10 12 13 22 
05 10 12 16 22 
05 10 12 18 22 
05 10 12 19 22 
05 10 12 20 22 
05 10 12 21 22 
05 10 12 22 26 
05 10 12 22 28 
05 10 12 22 34 
05 10 13 16 22 
05 10 13 17 22 
05 10 13 18 22 
05 10 13 19 22 
05 10 13 20 22 
05 10 13 21 22 
05 10 13 22 26 
05 10 13 22 28 
05 10 13 22 34 
05 10 16 18 22 
05 10 16 19 22 
05 10 16 22 34 
05 10 17 18 22 
05 10 17 19 22 
05 10 18 20 22 
05 10 18 21 22 
05 10 18 22 28 
05 10 18 22 34 
05 10 19 20 22 
05 10 19 21 22 
05 10 20 22 34 
05 10 22 23 34 
05 10 22 24 26 
05 10 22 24 28 
05 10 22 24 34 
05 10 22 25 28 
05 10 22 25 34 
05 10 22 26 34 
05 10 22 31 34 
05 12 13 15 22 
05 12 13 15 32 
05 12 13 16 22 
05 12 13 16 32 
05 12 13 18 22 
05 12 13 19 22 
05 12 13 20 22 
05 12 13 21 32 
05 12 13 22 25 
05 12 13 22 26 
05 12 13 22 28 
05 12 13 22 34 
05 12 13 26 32 
05 12 14 16 22 
05 12 14 16 32 
05 12 14 18 22 
05 12 14 19 22 
05 12 14 20 22 
05 12 14 21 22 
05 12 14 21 32 
05 12 14 22 25 
05 12 14 22 26 
05 12 14 22 28 
05 12 14 22 34 
05 12 14 26 32 
05 12 14 31 32 
05 12 15 16 22 
05 12 15 16 32 
05 12 15 18 32 
05 12 15 19 32 
05 12 15 20 22 
05 12 15 20 32 
05 12 15 21 22 
05 12 15 21 32 
05 12 15 22 28 
05 12 15 22 34 
05 12 15 23 32 
05 12 15 24 32 
05 12 15 26 32 
05 12 15 31 32 
05 12 15 32 34 
05 12 16 18 22 
05 12 16 18 32 
05 12 16 19 22 
05 12 16 19 32 
05 12 16 20 22 
05 12 16 20 32 
05 12 16 21 22 
05 12 16 21 32 
05 12 16 22 25 
05 12 16 22 26 
05 12 16 22 28 
05 12 16 22 34 
05 12 16 23 32 
05 12 16 24 32 
05 12 16 25 32 
05 12 16 26 32 
05 12 16 31 32 
05 12 16 32 34 
05 12 17 22 25 
05 12 17 22 26 
05 12 17 22 28 
05 12 18 19 22 
05 12 18 20 22 
05 12 18 21 22 
05 12 18 21 32 
05 12 18 22 25 
05 12 18 22 28 
05 12 18 22 34 
05 12 19 20 22 
05 12 19 21 22 
05 12 19 21 32 
05 12 19 22 25 
05 12 20 21 22 
05 12 20 21 32 
05 12 20 22 26 
05 12 20 22 28 
05 12 20 22 34 
05 12 20 26 32 
05 12 20 31 32 
05 12 21 22 25 
05 12 21 22 26 
05 12 21 22 28 
05 12 21 22 34 
05 12 21 23 32 
05 12 21 24 32 
05 12 21 25 32 
05 12 21 26 32 
05 12 21 31 32 
05 12 21 32 34 
05 12 22 23 25 
05 12 22 23 26 
05 12 22 23 28 
05 12 22 23 34 
05 12 22 24 25 
05 12 22 24 26 
05 12 22 24 28 
05 12 22 24 34 
05 12 22 25 26 
05 12 22 25 28 
05 12 22 25 34 
05 12 22 26 28 
05 12 22 26 34 
05 12 22 27 28 
05 12 22 27 34 
05 12 22 29 34 
05 12 22 30 34 
05 12 22 31 34 
05 12 22 32 34 
05 12 22 33 34 
05 12 23 26 32 
05 12 23 31 32 
05 12 24 26 32 
05 12 26 32 34 
05 13 14 16 22 
05 13 14 16 32 
05 13 14 17 22 
05 13 14 19 22 
05 13 14 20 22 
05 13 14 21 32 
05 13 14 22 25 
05 13 14 22 26 
05 13 14 22 28 
05 13 14 22 32 
05 13 14 22 34 
05 13 14 26 32 
05 13 14 31 32 
05 13 15 16 22 
05 13 15 16 32 
05 13 15 17 22 
05 13 15 17 32 
05 13 15 18 22 
05 13 15 18 32 
05 13 15 19 22 
05 13 15 19 32 
05 13 15 20 22 
05 13 15 20 32 
05 13 15 21 22 
05 13 15 21 32 
05 13 15 22 28 
05 13 15 22 32 
05 13 15 22 34 
05 13 15 23 32 
05 13 15 24 32 
05 13 15 25 32 
05 13 15 26 32 
05 13 15 31 32 
05 13 15 32 34 
05 13 16 17 22 
05 13 16 17 32 
05 13 16 18 22 
05 13 16 18 32 
05 13 16 19 32 
05 13 16 20 22 
05 13 16 20 32 
05 13 16 21 22 
05 13 16 22 25 
05 13 16 22 26 
05 13 16 22 28 
05 13 16 22 32 
05 13 16 22 34 
05 13 16 23 32 
05 13 16 25 32 
05 13 16 26 32 
05 13 16 31 32 
05 13 16 32 34 
05 13 17 18 22 
05 13 17 20 22 
05 13 17 21 22 
05 13 17 21 32 
05 13 17 22 25 
05 13 17 22 26 
05 13 17 22 28 
05 13 17 22 34 
05 13 17 26 32 
05 13 18 19 22 
05 13 18 20 22 
05 13 18 21 22 
05 13 18 21 32 
05 13 18 22 25 
05 13 18 22 32 
05 13 18 22 34 
05 13 19 20 22 
05 13 19 21 22 
05 13 19 21 32 
05 13 19 22 25 
05 13 19 22 26 
05 13 19 22 32 
05 13 20 21 22 
05 13 20 21 32 
05 13 20 22 26 
05 13 20 22 28 
05 13 20 22 32 
05 13 20 22 34 
05 13 20 26 32 
05 13 20 31 32 
05 13 21 22 25 
05 13 21 22 26 
05 13 21 22 28 
05 13 21 22 32 
05 13 21 22 34 
05 13 21 23 32 
05 13 21 25 32 
05 13 21 26 32 
05 13 21 27 32 
05 13 21 31 32 
05 13 21 32 34 
05 13 22 23 25 
05 13 22 23 26 
05 13 22 23 32 
05 13 22 23 34 
05 13 22 24 25 
05 13 22 24 26 
05 13 22 24 28 
05 13 22 24 32 
05 13 22 24 34 
05 13 22 25 26 
05 13 22 25 28 
05 13 22 25 32 
05 13 22 25 34 
05 13 22 26 28 
05 13 22 26 32 
05 13 22 26 34 
05 13 22 27 28 
05 13 22 27 34 
05 13 22 29 34 
05 13 22 30 34 
05 13 22 31 32 
05 13 22 31 34 
05 13 22 32 34 
05 13 22 33 34 
05 13 23 26 32 
05 13 24 26 32 
05 13 26 27 32 
05 13 26 32 34 
05 13 27 31 32 
05 15 16 17 32 
05 15 16 18 22 
05 15 16 18 32 
05 15 16 19 22 
05 15 16 19 32 
05 15 16 20 32 
05 15 16 21 32 
05 15 16 22 32 
05 15 16 22 34 
05 15 16 23 32 
05 15 16 24 32 
05 15 16 25 32 
05 15 16 26 32 
05 15 16 31 32 
05 15 16 32 34 
05 15 17 18 22 
05 15 17 18 32 
05 15 17 19 22 
05 15 17 19 32 
05 15 17 20 32 
05 15 17 21 32 
05 15 17 22 34 
05 15 17 23 32 
05 15 17 24 32 
05 15 17 25 32 
05 15 17 26 32 
05 15 17 31 32 
05 15 17 32 34 
05 15 18 19 22 
05 15 18 20 22 
05 15 18 20 32 
05 15 18 21 22 
05 15 18 21 32 
05 15 18 22 28 
05 15 18 22 32 
05 15 18 22 34 
05 15 18 23 32 
05 15 18 24 32 
05 15 18 31 32 
05 15 18 32 34 
05 15 19 20 22 
05 15 19 20 32 
05 15 19 21 22 
05 15 19 21 32 
05 15 19 22 32 
05 15 19 23 32 
05 15 19 24 32 
05 15 19 31 32 
05 15 20 21 32 
05 15 20 22 32 
05 15 20 22 34 
05 15 20 23 32 
05 15 20 24 32 
05 15 20 25 32 
05 15 20 26 32 
05 15 20 31 32 
05 15 20 32 34 
05 15 21 22 32 
05 15 21 22 34 
05 15 21 23 32 
05 15 21 24 32 
05 15 21 25 32 
05 15 21 26 32 
05 15 21 31 32 
05 15 21 32 34 
05 15 22 23 32 
05 15 22 23 34 
05 15 22 24 28 
05 15 22 24 32 
05 15 22 24 34 
05 15 22 25 28 
05 15 22 25 34 
05 15 22 30 34 
05 15 22 31 32 
05 15 22 31 34 
05 15 22 32 34 
05 15 22 33 34 
05 15 23 24 32 
05 15 23 25 32 
05 15 23 26 32 
05 15 23 31 32 
05 15 23 32 34 
05 15 24 25 32 
05 15 24 26 32 
05 15 24 31 32 
05 15 24 32 34 
05 15 25 31 32 
05 15 25 32 34 
05 15 26 32 34 
05 15 31 32 34 
05 15 32 33 34 
05 16 17 18 22 
05 16 17 18 32 
05 16 17 19 22 
05 16 17 19 32 
05 16 17 20 32 
05 16 17 21 32 
05 16 17 22 25 
05 16 17 22 34 
05 16 17 23 32 
05 16 17 24 32 
05 16 17 25 32 
05 16 17 26 32 
05 16 17 31 32 
05 16 17 32 34 
05 16 18 19 22 
05 16 18 20 32 
05 16 18 21 22 
05 16 18 21 32 
05 16 18 22 25 
05 16 18 22 26 
05 16 18 22 28 
05 16 18 22 32 
05 16 18 22 34 
05 16 18 23 32 
05 16 18 24 32 
05 16 18 31 32 
05 16 18 32 34 
05 16 19 20 22 
05 16 19 20 32 
05 16 19 21 22 
05 16 19 21 32 
05 16 19 22 26 
05 16 19 22 32 
05 16 19 23 32 
05 16 19 24 32 
05 16 19 31 32 
05 16 20 21 32 
05 16 20 22 32 
05 16 20 22 34 
05 16 20 23 32 
05 16 20 24 32 
05 16 20 25 32 
05 16 20 26 32 
05 16 20 31 32 
05 16 20 32 34 
05 16 21 22 25 
05 16 21 22 32 
05 16 21 22 34 
05 16 21 23 32 
05 16 21 25 32 
05 16 21 31 32 
05 16 21 32 34 
05 16 22 23 25 
05 16 22 23 32 
05 16 22 23 34 
05 16 22 24 25 
05 16 22 24 26 
05 16 22 24 28 
05 16 22 24 32 
05 16 22 24 34 
05 16 22 25 26 
05 16 22 25 28 
05 16 22 25 32 
05 16 22 25 34 
05 16 22 26 32 
05 16 22 26 34 
05 16 22 29 34 
05 16 22 30 34 
05 16 22 31 32 
05 16 22 31 34 
05 16 22 32 34 
05 16 22 33 34 
05 16 23 24 32 
05 16 23 25 32 
05 16 23 26 32 
05 16 23 31 32 
05 16 23 32 34 
05 16 24 25 32 
05 16 24 26 32 
05 16 24 31 32 
05 16 24 32 34 
05 16 25 31 32 
05 16 25 32 34 
05 16 26 32 34 
05 16 31 32 34 
05 16 32 33 34 
05 18 19 20 22 
05 18 19 21 22 
05 18 20 21 22 
05 18 20 21 32 
05 18 20 22 26 
05 18 20 22 28 
05 18 20 22 32 
05 18 20 22 34 
05 18 20 31 32 
05 18 21 22 25 
05 18 21 22 26 
05 18 21 22 28 
05 18 21 22 32 
05 18 21 22 34 
05 18 21 23 32 
05 18 21 24 32 
05 18 21 27 32 
05 18 21 31 32 
05 18 21 32 34 
05 18 22 23 25 
05 18 22 23 26 
05 18 22 23 32 
05 18 22 23 34 
05 18 22 24 25 
05 18 22 24 26 
05 18 22 24 28 
05 18 22 24 32 
05 18 22 24 34 
05 18 22 25 28 
05 18 22 25 34 
05 18 22 26 28 
05 18 22 26 34 
05 18 22 27 28 
05 18 22 27 34 
05 18 22 29 34 
05 18 22 30 34 
05 18 22 31 32 
05 18 22 31 34 
05 18 22 32 34 
05 18 22 33 34 
05 18 23 31 32 
05 18 27 31 32 
05 19 20 21 32 
05 19 20 22 26 
05 19 20 22 32 
05 19 20 31 32 
05 19 21 22 25 
05 19 21 22 26 
05 19 21 22 32 
05 19 21 23 32 
05 19 21 24 32 
05 19 21 27 32 
05 19 21 31 32 
05 19 22 23 25 
05 19 22 23 26 
05 19 22 23 32 
05 19 22 24 25 
05 19 22 24 26 
05 19 22 24 32 
05 19 22 31 32 
05 19 27 31 32 
05 21 22 23 25 
05 21 22 23 32 
05 21 22 23 34 
05 21 22 24 25 
05 21 22 24 26 
05 21 22 24 28 
05 21 22 24 32 
05 21 22 24 34 
05 21 22 25 26 
05 21 22 25 28 
05 21 22 25 32 
05 21 22 25 34 
05 21 22 26 32 
05 21 22 26 34 
05 21 22 27 34 
05 21 22 29 34 
05 21 22 30 34 
05 21 22 31 32 
05 21 22 31 34 
05 21 22 32 34 
05 21 23 24 32 
05 21 23 25 32 
05 21 23 26 32 
05 21 23 27 32 
05 21 23 31 32 
05 21 23 32 34 
05 21 24 25 32 
05 21 24 26 32 
05 21 24 27 32 
05 21 24 31 32 
05 21 24 32 34 
05 21 25 27 32 
05 21 25 31 32 
05 21 25 32 34 
05 21 26 27 32 
05 21 26 32 34 
05 21 27 31 32 
05 21 27 32 34 
05 22 23 24 26 
05 22 23 24 28 
05 22 23 24 32 
05 22 23 24 34 
05 22 23 25 26 
05 22 23 25 28 
05 22 23 25 32 
05 22 23 25 34 
05 22 23 26 32 
05 22 23 26 34 
05 22 23 27 34 
05 22 23 29 34 
05 22 23 30 34 
05 22 23 31 32 
05 22 23 31 34 
05 22 23 32 34 
05 22 23 33 34 
05 22 24 25 26 
05 22 24 25 28 
05 22 24 25 32 
05 22 24 25 34 
05 22 24 26 32 
05 22 24 26 34 
05 22 24 27 28 
05 22 24 27 34 
05 22 24 30 34 
05 22 24 31 32 
05 22 24 31 34 
05 22 24 32 34 
05 22 24 33 34 
05 22 25 26 28 
05 22 25 26 34 
05 22 25 27 28 
05 22 25 27 34 
05 22 25 29 34 
05 22 25 30 34 
05 22 25 31 32 
05 22 25 31 34 
05 22 25 32 34 
05 22 25 33 34 
05 22 26 27 34 
05 22 26 29 34 
05 22 26 32 34 
05 22 26 33 34 
05 22 27 29 34 
05 22 27 30 34 
05 22 27 31 34 
05 22 27 32 34 
05 22 29 30 34 
05 24 26 27 32 
05 24 27 31 32 
05 25 27 31 32 
07 10 12 13 22 
07 10 12 16 22 
07 10 12 20 22 
07 10 12 21 22 
07 10 12 22 25 
07 10 13 17 22 
07 10 13 20 22 
07 10 13 21 22 
07 10 13 22 26 
07 10 17 22 25 
07 10 20 22 25 
07 10 21 22 25 
07 10 22 23 25 
07 10 22 24 25 
07 10 22 24 26 
07 12 13 14 22 
07 12 13 15 22 
07 12 13 16 22 
07 12 13 20 22 
07 12 13 21 22 
07 12 13 22 25 
07 12 14 16 22 
07 12 14 20 22 
07 12 14 21 22 
07 12 14 22 25 
07 12 15 16 22 
07 12 15 20 22 
07 12 15 21 22 
07 12 15 22 25 
07 12 16 20 22 
07 12 16 21 22 
07 12 16 22 25 
07 12 20 21 22 
07 12 20 22 25 
07 12 21 22 25 
07 12 22 23 25 
07 12 22 24 25 
07 13 14 16 22 
07 13 14 17 22 
07 13 14 20 22 
07 13 14 22 25 
07 13 14 22 26 
07 13 15 16 22 
07 13 15 17 22 
07 13 15 20 22 
07 13 15 21 22 
07 13 15 22 25 
07 13 16 17 22 
07 13 16 20 22 
07 13 16 21 22 
07 13 16 22 26 
07 13 17 20 22 
07 13 17 21 22 
07 13 17 22 25 
07 13 17 22 26 
07 13 20 21 22 
07 13 20 22 25 
07 13 20 22 26 
07 13 21 22 25 
07 13 21 22 26 
07 13 22 23 25 
07 13 22 23 26 
07 13 22 24 25 
07 13 22 24 26 
07 13 22 25 26 
07 15 16 22 25 
07 15 17 22 25 
07 15 20 22 25 
07 15 21 22 25 
07 15 22 23 25 
07 15 22 24 25 
07 16 17 22 25 
07 16 20 22 25 
07 16 21 22 25 
07 16 22 23 25 
07 16 22 24 25 
07 16 22 24 26 
07 16 22 25 26 
07 21 22 23 25 
07 21 22 24 25 
07 21 22 24 26 
07 21 22 25 26 
07 22 23 24 26 
07 22 23 25 26 
07 22 24 25 26 
11 12 13 16 32 
11 12 13 17 32 
11 12 13 18 32 
11 12 13 19 32 
11 12 13 20 32 
11 12 13 21 32 
11 12 13 23 32 
11 12 13 24 32 
11 12 13 25 32 
11 12 13 26 32 
11 12 13 27 32 
11 12 16 17 32 
11 12 16 18 32 
11 12 16 19 32 
11 12 16 20 32 
11 12 16 23 32 
11 12 16 24 32 
11 12 16 25 32 
11 12 16 32 34 
11 12 17 18 32 
11 12 17 19 32 
11 12 17 20 32 
11 12 17 21 32 
11 12 17 23 32 
11 12 17 24 32 
11 12 17 25 32 
11 12 17 26 32 
11 12 17 27 32 
11 12 17 31 32 
11 12 17 32 34 
11 12 18 20 32 
11 12 18 21 32 
11 12 18 23 32 
11 12 18 24 32 
11 12 18 27 32 
11 12 18 31 32 
11 12 18 32 34 
11 12 19 20 32 
11 12 19 21 32 
11 12 19 23 32 
11 12 19 24 32 
11 12 19 27 32 
11 12 19 31 32 
11 12 20 21 32 
11 12 20 23 32 
11 12 20 24 32 
11 12 20 25 32 
11 12 20 26 32 
11 12 20 27 32 
11 12 20 31 32 
11 12 20 32 34 
11 12 21 23 32 
11 12 21 24 32 
11 12 21 25 32 
11 12 21 27 32 
11 12 21 32 34 
11 12 23 24 32 
11 12 23 25 32 
11 12 23 26 32 
11 12 23 27 32 
11 12 23 31 32 
11 12 23 32 34 
11 12 24 25 32 
11 12 24 26 32 
11 12 24 27 32 
11 12 24 31 32 
11 12 24 32 34 
11 12 25 27 32 
11 12 25 31 32 
11 12 25 32 34 
11 12 26 27 32 
11 12 26 32 34 
11 12 27 31 32 
11 12 27 32 34 
11 12 31 32 34 
11 13 16 17 32 
11 13 16 18 32 
11 13 16 19 32 
11 13 16 20 32 
11 13 16 23 32 
11 13 16 24 32 
11 13 16 25 32 
11 13 16 30 32 
11 13 16 30 34 
11 13 16 32 34 
11 13 17 18 32 
11 13 17 20 32 
11 13 17 21 32 
11 13 17 24 32 
11 13 17 25 32 
11 13 17 26 32 
11 13 17 27 32 
11 13 17 30 32 
11 13 17 30 34 
11 13 17 32 34 
11 13 18 20 32 
11 13 18 21 32 
11 13 18 23 32 
11 13 18 24 32 
11 13 18 27 32 
11 13 18 30 32 
11 13 18 30 34 
11 13 18 31 32 
11 13 18 32 34 
11 13 19 20 32 
11 13 19 21 32 
11 13 19 24 32 
11 13 19 27 32 
11 13 19 30 32 
11 13 20 21 32 
11 13 20 23 32 
11 13 20 24 32 
11 13 20 25 32 
11 13 20 26 32 
11 13 20 27 32 
11 13 20 30 32 
11 13 20 30 34 
11 13 20 31 32 
11 13 20 32 34 
11 13 21 23 32 
11 13 21 24 32 
11 13 21 25 32 
11 13 21 27 32 
11 13 21 30 32 
11 13 21 30 34 
11 13 21 32 34 
11 13 22 30 34 
11 13 23 24 32 
11 13 23 25 32 
11 13 23 26 32 
11 13 23 27 32 
11 13 23 30 32 
11 13 23 30 34 
11 13 23 32 34 
11 13 24 25 32 
11 13 24 26 32 
11 13 24 27 32 
11 13 24 30 32 
11 13 24 30 34 
11 13 24 31 32 
11 13 24 32 34 
11 13 25 27 32 
11 13 25 30 32 
11 13 25 30 34 
11 13 25 31 32 
11 13 25 32 34 
11 13 26 27 32 
11 13 26 30 32 
11 13 26 30 34 
11 13 26 32 34 
11 13 27 30 32 
11 13 27 30 34 
11 13 27 31 32 
11 13 27 32 34 
11 13 30 31 34 
11 16 17 18 32 
11 16 17 19 32 
11 16 17 24 32 
11 16 17 25 32 
11 16 17 30 32 
11 16 17 30 34 
11 16 17 32 34 
11 16 18 20 32 
11 16 18 23 32 
11 16 18 24 32 
11 16 18 30 32 
11 16 18 30 34 
11 16 18 32 34 
11 16 19 20 32 
11 16 19 23 32 
11 16 19 30 32 
11 16 20 24 32 
11 16 20 25 32 
11 16 20 30 32 
11 16 20 30 34 
11 16 20 32 34 
11 16 21 30 34 
11 16 21 32 34 
11 16 22 30 34 
11 16 23 24 32 
11 16 23 25 32 
11 16 23 30 32 
11 16 23 30 34 
11 16 23 32 34 
11 16 24 25 32 
11 16 24 30 32 
11 16 24 30 34 
11 16 24 32 34 
11 16 25 30 32 
11 16 25 32 34 
11 16 26 30 34 
11 16 26 32 34 
11 18 20 21 32 
11 18 20 23 32 
11 18 20 24 32 
11 18 20 27 32 
11 18 20 30 32 
11 18 20 30 34 
11 18 20 31 32 
11 18 20 32 34 
11 18 21 23 32 
11 18 21 24 32 
11 18 21 27 32 
11 18 21 30 32 
11 18 21 30 34 
11 18 21 32 34 
11 18 22 30 34 
11 18 23 24 32 
11 18 23 27 32 
11 18 23 30 32 
11 18 23 30 34 
11 18 23 31 32 
11 18 23 32 34 
11 18 24 27 32 
11 18 24 30 32 
11 18 24 30 34 
11 18 24 31 32 
11 18 24 32 34 
11 18 25 30 34 
11 18 26 30 34 
11 18 27 30 32 
11 18 27 30 34 
11 18 27 31 32 
11 19 20 21 32 
11 19 20 23 32 
11 19 20 24 32 
11 19 20 27 32 
11 19 20 30 32 
11 19 20 31 32 
11 19 21 23 32 
11 19 21 24 32 
11 19 21 27 32 
11 19 21 30 32 
11 19 23 24 32 
11 19 23 27 32 
11 19 23 30 32 
11 19 24 30 32 
11 19 24 31 32 
11 19 27 30 32 
11 19 27 31 32 
11 21 22 30 34 
11 21 23 24 32 
11 21 23 25 32 
11 21 23 30 32 
11 21 23 30 34 
11 21 24 25 32 
11 21 24 27 32 
11 21 24 30 32 
11 21 24 30 34 
11 21 25 27 32 
11 21 25 30 32 
11 22 23 30 34 
11 24 25 27 32 
11 24 26 27 32 
13 15 16 17 32 
13 15 16 18 32 
13 15 16 19 32 
13 15 16 20 32 
13 15 16 21 32 
13 15 16 22 32 
13 15 16 23 32 
13 15 16 24 32 
13 15 16 25 32 
13 15 16 26 32 
13 15 16 30 32 
13 15 16 31 32 
13 15 16 32 34 
13 15 17 18 32 
13 15 17 20 32 
13 15 17 21 32 
13 15 17 22 32 
13 15 17 23 32 
13 15 17 24 32 
13 15 17 25 32 
13 15 17 26 32 
13 15 17 31 32 
13 15 18 20 32 
13 15 18 21 32 
13 15 18 22 32 
13 15 18 23 32 
13 15 18 24 32 
13 15 18 30 32 
13 15 18 31 32 
13 15 18 32 34 
13 15 19 20 32 
13 15 19 21 32 
13 15 19 22 32 
13 15 19 23 32 
13 15 19 24 32 
13 15 19 30 32 
13 15 19 31 32 
13 15 20 21 32 
13 15 20 22 32 
13 15 20 23 32 
13 15 20 24 32 
13 15 20 26 32 
13 15 20 30 32 
13 15 20 31 32 
13 15 20 32 34 
13 15 21 22 32 
13 15 21 23 32 
13 15 21 24 32 
13 15 21 25 32 
13 15 21 26 32 
13 15 21 30 32 
13 15 21 31 32 
13 15 21 32 34 
13 15 22 23 32 
13 15 22 24 32 
13 15 22 25 32 
13 15 22 30 32 
13 15 22 30 34 
13 15 22 31 32 
13 15 22 32 34 
13 15 23 24 32 
13 15 23 25 32 
13 15 23 26 32 
13 15 23 30 32 
13 15 23 31 32 
13 15 23 32 34 
13 15 24 25 32 
13 15 24 26 32 
13 15 24 30 32 
13 15 24 31 32 
13 15 24 32 34 
13 15 25 30 32 
13 15 25 31 32 
13 15 25 32 34 
13 15 26 30 32 
13 15 26 32 34 
13 16 17 18 32 
13 16 17 19 32 
13 16 17 20 32 
13 16 17 21 32 
13 16 17 22 32 
13 16 17 23 32 
13 16 17 24 32 
13 16 17 25 32 
13 16 17 26 32 
13 16 17 30 32 
13 16 17 31 32 
13 16 17 32 34 
13 16 18 20 32 
13 16 18 21 32 
13 16 18 22 32 
13 16 18 23 32 
13 16 18 24 32 
13 16 18 30 32 
13 16 18 31 32 
13 16 18 32 34 
13 16 19 20 32 
13 16 19 21 32 
13 16 19 23 32 
13 16 19 24 32 
13 16 19 30 32 
13 16 19 31 32 
13 16 20 21 32 
13 16 20 22 32 
13 16 20 23 32 
13 16 20 24 32 
13 16 20 25 32 
13 16 20 26 32 
13 16 20 30 32 
13 16 20 31 32 
13 16 20 32 34 
13 16 21 22 32 
13 16 21 23 32 
13 16 21 25 32 
13 16 21 26 32 
13 16 21 30 32 
13 16 21 31 32 
13 16 21 32 34 
13 16 22 23 32 
13 16 22 24 32 
13 16 22 25 32 
13 16 22 26 32 
13 16 22 30 32 
13 16 22 30 34 
13 16 22 31 32 
13 16 22 32 34 
13 16 23 24 32 
13 16 23 25 32 
13 16 23 26 32 
13 16 23 30 32 
13 16 23 31 32 
13 16 23 32 34 
13 16 24 25 32 
13 16 24 26 32 
13 16 24 30 32 
13 16 24 31 32 
13 16 24 32 34 
13 16 25 30 32 
13 16 25 31 32 
13 16 25 32 34 
13 16 26 30 32 
13 18 20 21 32 
13 18 20 22 32 
13 18 20 31 32 
13 18 21 22 32 
13 18 21 23 32 
13 18 21 27 32 
13 18 21 30 32 
13 18 21 31 32 
13 18 21 32 34 
13 18 22 24 32 
13 18 22 30 32 
13 18 22 30 34 
13 18 22 31 32 
13 18 22 32 34 
13 18 23 31 32 
13 19 20 21 32 
13 19 20 22 32 
13 19 20 31 32 
13 19 21 22 32 
13 19 21 23 32 
13 19 21 24 32 
13 19 21 27 32 
13 19 21 30 32 
13 19 21 31 32 
13 19 22 23 32 
13 19 22 24 32 
13 19 22 27 32 
13 19 22 30 32 
13 19 22 31 32 
13 21 22 24 32 
13 21 22 25 32 
13 21 22 26 32 
13 21 22 27 32 
13 21 22 30 32 
13 21 22 30 34 
13 21 23 24 32 
13 21 23 25 32 
13 21 23 26 32 
13 21 23 27 32 
13 21 23 30 32 
13 21 23 31 32 
13 21 24 25 32 
13 21 24 26 32 
13 21 24 30 32 
13 21 25 27 32 
13 21 26 27 32 
13 22 23 25 32 
13 22 23 26 32 
13 22 23 30 32 
13 22 24 25 32 
13 22 24 26 32 
13 22 24 27 32 
13 22 25 27 32 
13 22 26 27 32 
17 18 20 21 32 
17 18 20 22 32 
17 18 20 31 32 
17 18 21 22 32 
17 18 21 23 32 
17 18 21 24 32 
17 18 21 27 32 
17 18 21 30 32 
17 18 21 31 32 
17 18 22 23 32 
17 18 22 24 32 
17 18 22 30 32 
17 18 22 31 32 
17 19 20 21 32 
17 19 20 22 32 
17 19 20 31 32 
17 19 21 22 32 
17 19 21 24 32 
17 19 21 27 32 
17 19 21 31 32 
17 19 22 23 32 
17 19 22 24 32 
17 19 22 30 32 
17 21 22 24 32 
17 21 22 25 32 
17 21 23 24 32 
17 21 23 25 32 
17 21 24 26 32 
17 22 23 24 32 
17 22 23 25 32 
17 22 24 25 32 
