22108 04 07 13 26 28 07 11
22109 05 09 24 29 35 05 12
22110 02 13 16 18 23 03 06
22111 06 12 16 19 31 06 10
22112 04 11 18 20 26 06 12
22113 13 15 22 31 33 05 12
22114 11 21 24 27 28 05 10
22115 17 19 20 23 27 03 08
22116 01 07 20 22 31 07 12
22117 09 12 15 21 32 02 07
22118 02 05 15 17 26 02 08
22119 01 09 16 25 29 04 09
22120 11 22 26 30 33 03 05
22121 04 15 16 20 21 04 05
22122 04 15 17 19 25 06 12
22123 02 20 28 29 30 07 10
22124 02 04 11 25 30 06 12
22125 03 07 14 16 19 01 11
22126 04 05 08 22 35 01 03
22127 02 03 08 09 20 04 10
22128 10 19 21 23 35 04 10
22129 10 17 23 34 35 01 04
22130 05 07 15 18 23 05 10
22131 02 06 08 10 17 05 06
22132 02 27 30 34 35 09 12
22133 01 02 14 30 31 06 09
22134 03 16 23 27 32 03 06
22135 09 10 27 31 32 01 03
22136 01 11 15 17 33 03 11
22137 05 06 08 15 20 07 08
07031 03 21 27 31 32 06 08
07032 01 13 21 23 32 04 11
07033 01 05 08 14 22 03 12
07034 06 08 11 13 22 02 11
07035 07 11 16 31 32 01 12
07036 15 18 21 27 34 01 02
07037 01 06 07 17 31 11 12
07038 06 21 25 27 32 08 09
07039 10 11 20 21 35 07 11
07040 05 21 25 28 35 01 04
07041 03 16 17 22 35 01 08
07042 07 10 22 31 35 05 06
07043 04 09 22 24 31 02 06
07044 04 05 07 12 26 01 10
07045 09 16 20 26 35 11 12
07046 04 16 18 23 30 01 10
07047 01 06 15 19 35 02 09
07048 08 25 26 29 35 06 08
07049 09 10 15 17 32 04 06
07050 13 21 22 30 35 01 11
07051 03 07 24 28 35 08 11
07052 01 14 29 32 33 05 10
07053 11 16 19 21 25 01 10
07054 04 10 19 29 34 03 06
07055 10 16 24 31 33 07 10
07056 04 11 17 20 21 05 09
07057 14 16 30 32 35 06 07
07058 08 21 25 28 33 02 06
07059 04 15 23 31 33 03 09
07060 12 13 29 30 31 04 07
07061 02 10 19 28 29 02 09
07062 01 04 10 14 29 11 12
07063 10 31 33 34 35 07 12
07064 02 16 32 33 35 05 10
07065 19 20 24 29 31 09 10
07066 04 07 08 19 24 07 12
07067 11 18 25 30 31 04 09
07068 04 09 13 14 33 06 10
07069 02 13 16 21 35 01 05
07070 07 26 29 30 35 03 04
07071 10 22 32 33 35 01 07
07072 21 24 26 27 33 01 05
07073 04 05 09 12 23 02 11
07074 16 17 23 24 31 05 10
07075 05 11 20 30 32 07 11
07076 02 09 12 15 31 09 10
07077 04 06 12 13 24 01 04
07078 09 12 14 22 23 01 02
07079 06 09 25 26 31 02 08
07080 01 15 20 25 27 05 10
07081 06 18 20 22 35 04 09
07082 03 05 14 33 34 07 08
07083 01 05 20 21 24 03 04
07084 05 11 18 29 34 10 11
07085 17 24 28 29 33 02 05
07086 14 18 19 26 28 03 09
07087 08 18 30 31 33 04 09
07088 17 18 21 23 33 06 10
07089 08 13 24 30 34 01 12
07090 04 20 24 31 33 09 12
07091 07 12 26 31 32 03 08
07092 06 19 27 28 29 06 10
07093 06 08 16 25 27 08 12
08001 01 02 11 34 35 03 10
08002 01 12 24 31 32 10 12
08003 01 11 13 32 35 02 07
08004 09 22 24 31 33 08 09
08005 18 25 29 31 34 09 10
08006 10 12 26 29 34 05 07
08007 03 04 05 12 28 03 12
08008 02 06 08 17 32 08 09
08009 04 08 12 24 30 05 08
08010 06 23 24 27 29 06 08
08011 14 20 22 24 27 07 10
08012 02 10 29 32 35 02 03
08013 01 11 19 22 35 05 09
08014 04 07 10 28 34 01 06
08015 09 18 20 27 33 06 09
08016 08 10 11 17 19 06 09
08017 02 14 25 29 32 01 06
08018 03 06 07 11 30 02 03
08019 08 24 25 29 31 04 05
08020 04 05 15 17 33 04 08
08021 05 10 13 21 24 04 09
08022 09 12 13 25 31 08 10
08023 06 26 31 32 34 07 10
08024 08 12 17 20 30 01 02
08025 06 10 12 15 28 04 12
08026 01 21 22 24 25 08 10
08027 05 17 23 31 32 04 08
08028 03 11 17 19 26 07 12
08029 06 11 18 29 30 04 11
08030 03 21 23 26 35 05 08
08031 14 20 23 27 28 02 04
08032 03 09 19 27 33 09 10
08033 03 10 21 23 30 01 09
08034 06 07 18 34 35 05 10
08035 02 12 13 29 30 05 07
08036 09 19 22 30 32 01 10
08037 11 20 24 31 35 04 10
08038 12 13 19 32 33 02 10
08039 07 11 15 27 35 04 07
08040 04 08 19 22 29 08 11
08041 07 17 21 22 28 05 10
08042 05 10 13 32 35 04 05
08043 05 08 10 31 33 02 04
08044 02 21 23 27 32 10 11
08045 14 32 33 34 35 02 04
08046 11 25 26 27 35 07 08
08047 12 18 22 23 30 06 12
08048 01 13 22 25 27 02 10
08049 01 11 14 28 30 03 10
08050 01 05 11 26 27 03 07
08051 01 07 09 11 33 03 11
08052 03 18 19 30 35 05 09
08053 01 13 21 23 32 03 06
08054 05 14 23 31 35 02 06
08055 02 14 28 30 35 04 12
08056 15 19 25 30 31 03 09
08057 05 08 09 17 33 05 06
08058 03 09 11 29 33 03 12
08059 07 13 21 25 31 08 10
08060 03 13 17 23 30 01 11
08061 07 10 14 19 32 03 06
08062 01 15 27 28 29 03 10
08063 07 11 24 30 35 06 08
08064 14 18 24 27 31 06 07
08065 19 22 23 25 32 06 12
08066 02 07 21 22 25 04 12
08067 03 10 14 15 22 04 07
08068 06 09 11 33 34 06 10
08069 05 13 16 29 33 06 08
08070 09 17 18 21 31 01 05
08071 01 05 11 14 25 01 09
08072 10 25 32 33 34 03 09
08073 02 05 06 07 31 08 10
08074 10 13 22 31 35 04 12
08075 01 10 13 30 33 06 07
08076 03 05 10 27 34 01 12
08077 01 08 21 33 34 05 07
08078 08 17 20 28 31 07 11
08079 20 23 26 32 33 05 12
08080 06 09 29 31 33 05 11
08081 07 08 20 22 29 04 07
08082 15 19 29 33 35 01 02
08083 06 14 15 30 31 03 10
08084 02 17 20 22 25 05 11
08085 03 07 13 15 19 02 10
08086 01 06 10 22 35 03 07
08087 14 22 32 33 35 01 05
08088 07 11 19 27 31 02 03
08089 08 13 24 32 33 03 09
08090 04 11 18 33 34 02 06
08091 09 13 19 22 25 04 10
08092 03 23 26 32 34 04 09
08093 06 07 10 24 30 05 08
08094 07 12 19 27 34 11 12
08095 03 04 11 21 25 01 07
08096 06 07 12 25 28 02 12
08097 01 10 31 33 35 03 10
08098 07 10 22 27 33 04 08
08099 03 18 23 25 30 06 10
08100 12 20 26 29 30 02 06
08101 10 13 23 31 33 04 11
08102 05 25 26 29 35 03 10
08103 02 11 22 30 34 04 09
08104 07 08 10 24 34 08 11
08105 12 21 22 26 35 04 05
08106 03 05 21 28 33 02 06
08107 01 02 13 15 16 04 09
08108 11 16 24 29 32 09 11
08109 01 10 18 28 34 05 08
08110 05 16 25 27 33 04 09
08111 02 11 12 14 19 05 09
08112 04 18 26 32 33 05 08
08113 11 14 17 19 22 01 08
08114 02 03 22 27 31 06 07
08115 07 09 19 21 33 07 10
08116 06 08 15 24 31 01 03
08117 13 23 24 25 30 02 08
08118 06 09 19 25 30 06 12
08119 01 02 10 19 27 01 11
08120 21 23 24 25 32 03 04
08121 11 23 24 32 35 04 10
08122 03 06 12 20 29 09 12
08123 01 06 12 28 31 08 09
08124 02 10 13 29 33 06 10
08125 01 04 28 33 34 06 11
08126 09 29 32 34 35 01 08
08127 08 21 22 31 33 01 07
08128 12 15 23 24 25 10 11
08129 13 16 20 25 27 04 05
08130 03 05 22 29 34 07 12
08131 08 09 12 21 32 07 11
08132 06 14 24 27 29 05 09
08133 10 12 15 33 35 03 09
08134 11 13 15 28 35 08 10
08135 07 22 25 29 33 01 12
08136 03 28 29 32 34 01 06
08137 01 10 25 32 35 05 09
08138 04 05 18 22 35 07 08
08139 01 06 10 14 22 06 08
08140 02 09 11 29 32 08 09
08141 09 15 18 30 34 04 05
08142 06 18 21 30 35 08 09
08143 01 02 22 29 32 01 04
08144 10 19 27 28 33 05 12
08145 05 16 27 29 30 05 11
08146 09 23 24 26 33 07 12
08147 16 18 19 24 35 11 12
08148 03 07 20 33 35 04 07
08149 02 05 06 27 29 03 04
08150 01 09 10 15 25 03 08
08151 07 10 27 31 34 08 09
08152 03 05 14 20 33 07 11
08153 02 04 06 25 26 02 05
08154 05 07 10 29 32 04 06
09001 01 15 23 27 30 04 10
09002 01 04 07 12 30 05 10
09003 16 18 23 30 32 02 11
09004 01 03 22 32 35 06 10
09005 10 11 15 31 32 05 08
09006 02 04 22 31 35 09 12
09007 06 14 15 29 35 06 11
09008 04 17 21 29 31 02 12
09009 12 18 23 26 32 06 09
09010 02 09 12 21 29 07 11
09011 02 11 13 14 21 02 04
09012 02 05 20 25 31 10 12
09013 05 24 26 30 35 05 12
09014 08 14 15 25 26 07 09
09015 01 05 10 16 27 03 04
09016 10 11 20 26 27 09 11
09017 05 11 23 26 33 04 12
09018 01 06 13 28 29 03 09
09019 04 29 31 32 35 04 10
09020 05 16 18 32 35 02 11
09021 01 15 31 32 34 03 08
09022 12 14 17 34 35 04 11
09023 15 17 21 27 33 07 11
09024 29 31 32 33 35 10 11
09025 03 17 22 23 33 04 10
09026 24 30 31 32 34 10 12
09027 03 22 26 33 34 09 10
09028 06 20 30 32 35 09 11
09029 03 04 13 17 24 04 11
09030 01 07 27 30 32 01 04
09031 07 11 19 21 22 01 11
09032 04 12 20 26 29 06 10
09033 02 08 18 21 32 08 11
09034 05 19 31 32 35 04 09
09035 03 07 09 28 33 03 08
09036 02 12 26 31 33 09 10
09037 17 18 19 25 31 01 11
09038 06 17 20 29 32 04 05
09039 01 03 07 10 33 03 04
09040 03 16 30 32 33 01 10
09041 05 09 20 23 29 04 10
09042 11 24 25 26 31 02 07
09043 05 21 22 32 35 02 05
09044 01 07 18 29 34 03 09
09045 01 09 14 24 35 06 09
09046 01 09 24 34 35 04 09
09047 13 18 21 24 29 03 06
09048 05 06 22 25 27 11 12
09049 05 16 28 29 34 11 12
09050 05 15 28 32 33 08 09
09051 03 11 22 26 29 05 12
09052 23 24 30 34 35 01 03
09053 05 09 24 31 33 05 06
09054 02 12 19 29 30 07 12
09055 05 08 14 23 24 05 06
09056 04 13 17 32 35 03 06
09057 06 15 22 27 30 02 09
09058 08 10 14 27 32 02 07
09059 02 13 14 29 33 04 11
09060 18 28 29 30 31 04 08
09061 02 10 21 26 34 02 10
09062 04 22 23 29 31 05 11
09063 05 06 18 21 22 01 07
09064 06 10 11 17 34 11 12
09065 01 12 24 27 32 02 11
09066 01 08 19 24 31 06 12
09067 03 06 25 28 32 02 05
09068 02 12 15 20 28 01 12
09069 14 16 27 30 33 08 12
09070 10 21 24 30 31 03 10
09071 04 20 29 30 33 02 11
09072 23 26 29 32 33 05 10
09073 01 10 19 21 30 01 04
09074 15 17 19 23 32 01 11
09075 01 07 11 32 33 09 11
09076 03 09 11 18 24 04 05
09077 07 20 28 32 34 06 08
09078 11 23 26 31 34 05 11
09079 01 02 07 13 34 04 10
09080 07 16 19 29 35 02 11
09081 02 15 20 25 33 03 06
09082 05 11 26 29 32 08 11
09083 02 05 28 34 35 01 07
09084 05 09 19 26 35 02 10
09085 06 13 27 33 34 09 12
09086 01 02 07 26 29 10 12
09087 10 24 28 30 33 01 10
09088 13 16 27 32 34 03 09
09089 03 06 11 19 27 02 07
09090 18 25 30 33 34 04 10
09091 01 05 17 32 34 03 07
09092 10 21 22 27 29 08 12
09093 07 09 22 30 33 09 11
09094 01 05 21 23 29 05 12
09095 08 18 24 30 33 01 06
09096 07 12 28 32 33 01 03
09097 06 13 14 22 25 01 04
09098 11 17 19 25 26 02 10
09099 03 09 21 23 33 06 10
09100 16 20 25 29 33 01 08
09101 02 10 14 22 26 04 09
09102 11 13 29 32 35 10 12
09103 16 20 28 32 33 01 02
09104 15 25 29 32 33 10 11
09105 01 25 26 34 35 06 11
09106 11 21 22 25 34 06 09
09107 11 12 33 34 35 01 10
09108 01 09 14 29 30 07 10
09109 02 11 13 26 35 06 10
09110 22 28 30 31 34 07 09
09111 04 11 13 19 35 10 12
09112 02 08 12 34 35 04 05
09113 03 04 10 18 27 06 08
09114 02 08 25 29 33 03 07
09115 01 02 06 08 26 05 12
09116 12 15 23 30 33 09 12
09117 07 21 29 31 33 09 10
09118 10 17 18 21 34 05 11
09119 03 12 22 23 28 04 12
09120 11 23 27 28 32 02 05
09121 04 05 08 11 22 02 10
09122 01 02 11 31 33 05 06
09123 10 21 28 29 32 06 10
09124 01 03 14 32 35 07 11
09125 08 20 23 29 31 02 11
09126 14 23 27 28 33 08 12
09127 05 09 27 32 34 05 08
09128 06 21 28 32 34 04 07
09129 02 10 18 32 33 03 08
09130 09 14 25 32 34 02 08
09131 02 03 08 33 34 03 11
09132 02 10 12 15 28 04 07
09133 01 08 24 27 34 10 11
09134 02 16 19 28 33 07 11
09135 06 08 15 20 32 05 06
09136 07 13 23 24 29 06 10
09137 12 28 29 30 34 01 09
09138 03 04 14 28 32 09 10
09139 14 16 20 22 32 05 09
09140 07 08 19 26 30 01 12
09141 13 14 21 30 33 02 08
09142 05 06 13 24 31 03 11
09143 01 09 10 11 22 01 12
09144 18 26 32 33 34 04 06
09145 05 11 14 22 35 03 10
09146 11 17 23 24 25 03 06
09147 06 12 18 22 29 05 08
09148 02 04 13 14 33 01 09
09149 01 03 10 12 20 02 07
09150 04 11 18 25 34 05 07
09151 03 08 14 30 31 04 09
09152 01 23 29 30 32 07 12
09153 21 22 30 32 34 03 07
10001 02 06 07 12 27 02 08
10002 04 23 25 26 30 07 10
10003 05 14 23 27 30 02 08
10004 03 06 21 24 34 04 06
10005 04 17 19 22 30 02 03
10006 03 13 19 30 34 02 05
10007 07 23 26 29 32 08 11
10008 11 23 25 31 32 05 11
10009 02 05 13 27 32 03 11
10010 15 22 24 32 35 02 09
10011 02 03 11 27 32 08 11
10012 20 24 30 31 33 05 12
10013 18 21 22 26 34 09 12
10014 18 19 30 33 35 02 04
10015 03 10 14 18 28 08 10
10016 10 12 20 23 32 04 10
10017 13 21 23 27 34 09 12
10018 03 10 26 32 33 04 12
10019 03 11 19 26 27 02 09
10020 08 18 26 32 33 01 06
10021 11 20 23 24 25 07 09
10022 02 11 13 14 25 02 05
10023 11 13 29 32 33 02 08
10024 03 14 19 24 25 04 11
10025 09 11 13 14 25 01 07
10026 05 23 25 31 35 07 10
10027 05 23 26 32 34 02 09
10028 01 02 07 20 35 01 03
10029 21 22 33 34 35 03 04
10030 10 12 19 32 35 02 07
10031 05 13 16 17 35 06 08
10032 13 16 23 24 33 07 11
10033 12 19 28 29 30 05 08
10034 01 06 19 25 26 03 09
10035 14 16 20 31 34 01 07
10036 19 25 28 31 33 01 08
10037 19 21 26 34 35 01 09
10038 08 10 25 29 33 01 02
10039 07 19 26 28 32 01 08
10040 13 20 26 31 35 02 11
10041 16 22 28 29 34 04 12
10042 01 05 19 34 35 06 07
10043 05 08 10 33 35 02 10
10044 06 21 24 28 30 02 07
10045 08 17 18 20 28 09 10
10046 02 15 19 26 27 05 06
10047 04 08 11 30 31 02 08
10048 02 03 10 12 25 03 09
10049 01 25 29 31 33 04 10
10050 07 08 15 30 35 05 10
10051 06 10 20 24 32 06 10
10052 04 06 25 29 32 05 06
10053 09 19 22 26 34 09 11
10054 12 25 29 30 33 10 11
10055 13 14 17 27 32 02 10
10056 05 09 23 25 30 09 12
10057 15 17 24 32 35 07 09
10058 06 15 17 19 30 01 12
10059 06 10 14 25 34 01 03
10060 10 13 22 33 34 01 05
10061 05 12 14 17 22 05 07
10062 06 07 18 30 31 07 08
10063 07 14 16 30 31 03 06
10064 07 10 12 20 21 06 09
10065 05 08 13 14 32 08 11
10066 15 21 22 24 27 01 06
10067 01 11 19 30 32 03 10
10068 11 17 19 20 34 06 10
10069 06 17 18 25 29 08 09
10070 05 14 23 25 28 11 12
10071 07 12 26 30 32 02 07
10072 05 10 17 23 25 03 10
10073 04 09 11 30 32 01 11
10074 03 07 20 27 32 02 12
10075 10 12 17 23 27 05 07
10076 09 12 16 19 35 02 12
10077 06 07 09 17 24 02 12
10078 02 03 15 28 35 01 11
10079 01 04 21 22 24 02 05
10080 08 19 27 29 34 04 10
10081 14 18 20 24 27 05 10
10082 05 08 24 29 30 04 06
10083 07 11 21 22 35 04 07
10084 03 13 14 22 26 02 05
10085 02 10 16 18 34 02 03
10086 01 02 12 19 35 05 07
10087 01 12 20 21 24 02 08
10088 03 05 14 30 35 03 06
10089 04 10 13 18 23 08 10
10090 08 24 26 31 32 07 09
10091 06 10 23 26 31 05 07
10092 02 15 29 30 34 02 12
10093 02 04 09 28 29 05 08
10094 20 32 33 34 35 06 07
10095 12 14 16 19 25 01 06
10096 04 09 24 30 35 01 10
10097 09 17 21 28 29 02 08
10098 02 03 12 13 25 01 07
10099 03 11 17 21 30 01 08
10100 19 20 30 33 35 06 08
10101 11 15 22 27 35 05 08
10102 04 15 19 24 35 01 10
10103 10 14 29 30 35 05 08
10104 14 25 30 32 33 01 11
10105 05 17 26 27 35 08 09
10106 05 27 28 29 34 09 12
10107 14 17 22 27 34 03 05
10108 01 10 13 19 34 09 12
10109 01 02 08 11 25 10 12
10110 21 29 30 33 35 07 11
10111 03 06 13 14 29 01 02
10112 14 15 18 34 35 08 10
10113 05 16 22 23 32 04 10
10114 03 07 22 25 35 03 11
10115 05 07 10 15 32 03 08
10116 14 22 27 28 35 04 10
10117 04 06 21 27 34 05 09
10118 19 22 23 29 35 08 10
10119 05 13 14 23 26 02 03
10120 08 10 18 34 35 06 10
10121 21 22 31 32 34 02 12
10122 05 06 11 13 26 02 07
10123 18 20 30 32 33 01 11
10124 01 09 27 29 34 01 06
10125 01 07 09 14 19 09 12
10126 03 05 09 13 33 05 11
10127 03 22 24 30 33 04 10
10128 06 17 19 29 35 02 08
10129 14 15 24 25 26 03 07
10130 05 06 09 10 34 08 11
10131 10 15 22 28 29 04 12
10132 18 21 23 25 29 06 11
10133 11 16 17 21 22 03 06
10134 09 12 13 19 30 04 05
10135 14 17 19 26 32 03 04
10136 03 13 18 30 33 07 08
10137 22 27 28 33 35 09 11
10138 08 12 14 19 27 05 06
10139 03 13 16 19 29 07 09
10140 06 18 20 30 31 03 06
10141 05 11 17 23 33 03 10
10142 10 11 19 21 27 04 06
10143 10 16 18 22 27 06 08
10144 02 11 16 22 31 10 11
10145 18 19 27 28 33 03 06
10146 14 17 30 31 34 04 10
10147 01 15 19 21 23 11 12
10148 03 04 08 10 35 02 06
10149 05 22 24 25 30 01 06
10150 05 24 28 29 35 01 09
10151 01 10 32 33 35 03 08
10152 02 05 18 22 23 07 12
10153 06 07 16 24 35 04 06
11001 07 08 15 32 34 05 12
11002 11 13 27 28 29 02 06
11003 01 24 27 30 31 01 06
11004 07 08 10 23 25 07 09
11005 01 07 25 27 30 07 12
11006 02 08 16 26 35 11 12
11007 14 24 32 33 35 02 09
11008 01 23 26 27 30 05 06
11009 09 10 11 14 24 03 08
11010 04 08 10 14 27 05 07
11011 02 17 23 24 30 02 09
11012 03 12 19 25 30 08 11
11013 05 08 14 28 30 04 06
11014 02 14 20 21 24 02 09
11015 08 18 19 22 23 01 03
11016 15 20 30 33 35 06 09
11017 16 19 24 26 31 02 04
11018 16 22 24 32 34 02 10
11019 08 21 23 27 33 06 11
11020 09 12 19 22 28 01 05
11021 01 09 13 17 30 02 08
11022 09 14 24 25 34 01 04
11023 05 13 16 18 24 02 12
11024 12 15 16 20 33 08 12
11025 08 09 25 28 29 02 10
11026 01 09 15 20 29 07 09
11027 05 14 25 34 35 02 05
11028 01 02 13 17 28 01 04
11029 03 09 17 24 28 06 12
11030 15 19 25 30 33 03 08
11031 12 17 19 22 35 04 11
11032 07 16 23 31 33 03 10
11033 03 19 24 29 33 03 09
11034 03 06 09 17 27 03 09
11035 03 04 13 15 32 04 09
11036 03 18 29 30 33 08 09
11037 01 12 14 22 24 10 12
11038 07 09 11 13 33 10 12
11039 01 11 14 22 34 06 08
11040 03 07 15 18 20 01 06
11041 04 05 11 13 25 03 06
11042 06 09 18 30 32 10 12
11043 02 08 23 33 35 05 10
11044 11 21 24 26 31 06 07
11045 13 21 22 29 31 07 11
11046 09 15 16 19 29 04 06
11047 02 15 22 33 35 05 08
11048 13 17 25 27 28 02 03
11049 05 06 10 22 25 01 09
11050 04 07 29 32 33 08 10
11051 06 08 12 17 18 05 10
11052 13 24 31 32 33 03 09
11053 03 16 28 31 32 01 09
11054 05 09 16 26 35 03 10
11055 01 07 31 32 35 02 10
11056 03 05 29 30 31 08 10
11057 07 11 30 31 34 09 12
11058 01 09 27 32 33 03 06
11059 09 16 21 29 34 07 10
11060 03 25 29 32 34 09 10
11061 06 07 16 18 20 04 10
11062 06 10 17 20 21 03 07
11063 10 17 18 26 32 01 05
11064 01 06 27 30 34 01 06
11065 03 11 14 25 34 01 04
11066 06 13 18 20 33 09 10
11067 10 17 22 24 32 03 10
11068 01 13 16 18 32 07 09
11069 03 05 28 29 33 04 12
11070 09 19 22 29 30 02 08
11071 27 31 33 34 35 04 06
11072 03 11 13 20 35 03 08
11073 13 19 20 22 33 05 11
11074 07 16 23 28 31 03 06
11075 06 09 20 23 28 06 10
11076 18 23 25 29 30 01 02
11077 05 08 19 33 34 01 12
11078 04 09 16 27 30 02 06
11079 01 03 23 30 31 02 10
11080 05 12 30 31 32 01 03
11081 04 13 20 21 35 02 09
11082 07 20 25 30 32 05 09
11083 06 08 18 20 24 04 08
11084 14 29 31 34 35 01 12
11085 02 17 19 21 22 03 10
11086 04 05 06 09 15 01 06
11087 06 13 20 25 34 07 09
11088 20 21 27 29 35 03 08
11089 05 06 23 27 34 03 04
11090 02 04 29 30 34 05 08
11091 11 17 23 29 30 06 08
11092 10 17 19 32 33 01 12
11093 04 06 08 19 31 10 11
11094 11 21 22 32 34 04 08
11095 09 12 17 19 29 06 11
11096 03 08 20 24 25 01 02
11097 04 19 28 31 33 11 12
11098 06 07 28 33 35 01 10
11099 02 06 09 12 20 05 08
11100 08 11 13 28 33 08 09
11101 05 12 20 28 30 03 07
11102 19 24 28 31 34 04 12
11103 03 04 26 29 34 01 03
11104 07 19 27 28 34 02 05
11105 02 11 26 32 33 05 12
11106 01 09 29 30 35 05 09
11107 02 06 18 30 32 01 08
11108 07 15 18 24 28 01 07
11109 01 11 12 22 34 08 10
11110 30 31 33 34 35 04 07
11111 02 11 13 23 31 11 12
11112 06 17 28 32 33 08 12
11113 04 05 07 10 12 04 05
11114 06 08 17 27 35 02 11
11115 17 26 30 31 35 06 11
11116 10 15 18 19 26 07 12
11117 10 12 28 32 33 03 05
11118 04 07 11 32 35 05 07
11119 04 15 20 26 31 06 12
11120 20 25 26 30 31 09 10
11121 02 03 30 31 33 03 09
11122 03 08 23 24 34 05 12
11123 10 14 18 19 35 01 06
11124 08 12 14 20 25 06 08
11125 07 10 27 34 35 10 12
11126 07 17 29 30 33 10 12
11127 01 11 22 26 29 05 08
11128 03 04 06 11 13 01 02
11129 01 07 13 18 23 04 08
11130 08 09 13 23 35 11 12
11131 03 05 12 18 33 07 11
11132 12 14 16 19 33 02 09
11133 04 11 23 26 35 03 12
11134 01 10 12 14 17 09 10
11135 06 22 29 33 35 03 12
11136 08 09 11 19 33 03 12
11137 02 15 18 23 31 01 02
11138 17 23 26 30 32 06 12
11139 04 06 10 15 16 03 04
11140 01 12 32 33 34 09 11
11141 02 11 19 22 35 10 12
11142 04 26 30 33 34 04 06
11143 08 09 12 25 33 07 10
11144 07 18 24 28 33 02 03
11145 07 15 19 24 29 04 06
11146 09 13 19 29 34 02 11
11147 01 15 16 27 28 02 07
11148 07 10 11 26 31 03 04
11149 02 07 12 29 31 03 05
11150 13 22 30 33 34 06 12
11151 07 11 14 20 27 03 10
11152 01 04 06 21 35 02 11
11153 06 22 29 30 35 03 05
11154 04 12 16 20 28 08 11
12001 07 27 28 32 33 01 12
12002 03 11 14 26 29 07 08
12003 16 22 24 33 34 03 10
12004 10 11 22 31 32 06 07
12005 01 02 29 31 33 07 12
12006 03 20 22 25 27 01 09
12007 04 05 13 17 25 07 10
12008 06 08 30 31 32 01 11
12009 06 14 20 29 35 09 10
12010 25 26 29 32 34 05 07
12011 05 19 22 29 30 02 04
12012 06 18 22 30 35 02 07
12013 07 08 11 12 24 01 02
12014 10 14 24 30 32 01 12
12015 12 13 24 26 33 06 08
12016 05 14 20 29 31 08 12
12017 06 11 22 29 34 03 12
12018 03 10 14 29 31 04 08
12019 07 09 17 30 34 01 12
12020 12 14 27 29 34 03 06
12021 10 15 21 31 34 07 08
12022 07 12 20 33 35 01 10
12023 07 09 17 29 35 09 10
12024 03 11 17 21 30 03 07
12025 01 02 05 12 27 04 07
12026 10 11 22 23 29 02 09
12027 03 10 11 22 31 05 07
12028 10 12 15 33 34 03 10
12029 04 07 08 18 29 07 10
12030 03 21 22 26 32 01 03
12031 19 21 23 25 30 03 08
12032 07 08 16 26 34 07 11
12033 08 13 19 27 32 01 08
12034 01 08 15 16 29 08 09
12035 01 04 30 32 35 08 12
12036 01 09 20 30 31 08 12
12037 09 13 27 31 35 03 10
12038 11 23 25 31 35 01 03
12039 15 21 22 24 35 01 05
12040 02 13 23 28 29 01 05
12041 01 02 13 22 23 02 10
12042 07 24 27 28 35 07 12
12043 01 06 25 31 34 03 09
12044 03 04 14 32 35 01 02
12045 05 11 17 20 28 11 12
12046 04 08 19 23 27 04 11
12047 05 07 17 30 34 03 10
12048 06 09 26 30 35 05 06
12049 09 18 22 27 31 10 12
12050 13 17 22 28 29 01 10
12051 01 02 17 18 33 05 12
12052 10 20 26 31 33 10 12
12053 11 12 26 28 31 07 12
12054 01 16 18 27 30 10 11
12055 07 22 26 32 33 01 08
12056 11 21 23 26 34 07 09
12057 01 02 14 33 34 03 05
12058 13 21 29 31 35 04 12
12059 09 13 19 21 27 03 04
12060 02 16 21 24 30 06 10
12061 05 10 14 27 33 07 09
12062 21 32 33 34 35 08 09
12063 11 25 26 29 35 01 02
12064 09 12 13 15 30 09 10
12065 10 22 28 29 34 05 11
12066 01 20 25 29 33 04 06
12067 20 22 27 30 33 01 02
12068 01 21 31 32 35 03 06
12069 02 04 22 25 34 02 11
12070 09 22 23 32 34 06 08
12071 13 23 29 31 34 06 08
12072 04 08 17 22 25 04 10
12073 18 23 29 33 34 02 07
12074 10 22 23 30 32 01 07
12075 07 09 10 18 22 05 10
12076 02 14 16 22 24 02 05
12077 10 30 32 33 34 02 03
12078 01 02 23 25 35 05 12
12079 01 05 25 32 33 01 10
12080 11 12 14 25 28 02 05
12081 10 16 17 30 35 01 08
12082 02 04 09 10 15 08 10
12083 16 19 28 29 31 05 08
12084 21 24 27 29 31 01 02
12085 07 18 29 31 33 10 12
12086 03 20 25 29 32 05 10
12087 01 06 07 21 31 04 11
12088 13 17 24 30 35 02 10
12089 06 12 21 29 32 06 11
12090 02 21 27 29 33 02 10
12091 03 10 28 31 33 01 09
12092 08 09 23 25 31 02 12
12093 02 16 21 31 33 04 11
12094 02 14 23 32 35 01 10
12095 06 09 22 27 30 08 12
12096 05 10 19 24 35 08 09
12097 09 17 24 29 32 01 02
12098 02 11 28 29 30 06 12
12099 12 18 24 25 32 02 12
12100 07 09 13 19 27 01 03
12101 02 05 08 09 31 03 07
12102 02 04 06 13 35 04 08
12103 02 09 18 23 24 01 04
12104 16 18 24 25 27 04 09
12105 05 06 14 15 31 06 08
12106 15 23 25 29 31 09 10
12107 04 07 09 22 33 01 03
12108 06 07 12 24 35 02 06
12109 01 22 30 32 35 09 11
12110 01 11 17 19 26 05 12
12111 01 24 25 30 33 04 11
12112 01 02 28 31 35 05 07
12113 03 10 22 27 29 03 12
12114 03 06 21 33 35 01 07
12115 01 06 13 19 23 06 09
12116 01 11 18 20 22 07 10
12117 01 12 18 21 33 07 08
12118 05 17 25 30 33 01 12
12119 05 06 09 19 32 06 09
12120 02 10 21 23 29 03 04
12121 07 18 20 29 30 05 06
12122 23 24 25 29 31 03 12
12123 05 08 18 30 33 01 09
12124 07 11 19 20 35 05 10
12125 06 14 17 22 35 01 02
12126 13 14 21 28 29 05 10
12127 12 13 14 25 35 10 12
12128 09 10 19 30 31 04 11
12129 01 07 21 28 31 03 09
12130 14 19 23 29 30 06 07
12131 02 16 18 27 30 08 12
12132 05 08 21 25 33 01 11
12133 05 07 13 29 30 01 05
12134 01 06 18 32 35 02 07
12135 03 05 17 18 33 06 07
12136 02 23 29 30 31 01 04
12137 03 12 20 21 27 01 06
12138 13 17 27 31 33 06 12
12139 09 10 12 22 25 04 11
12140 07 17 27 28 29 09 10
12141 03 11 19 23 34 02 12
12142 15 19 29 34 35 07 10
12143 09 27 29 30 31 03 06
12144 11 13 14 21 29 01 10
12145 05 22 31 33 35 06 09
12146 01 10 13 17 26 06 08
12147 02 03 17 19 33 02 09
12148 04 16 27 29 34 06 11
12149 02 10 23 33 34 05 10
12150 02 14 18 24 31 02 03
12151 03 19 20 24 33 03 04
12152 04 17 26 33 34 02 08
12153 08 09 10 13 22 05 10
12154 03 26 27 31 32 03 09
13001 06 09 11 31 32 05 11
13002 04 20 27 31 32 06 12
13003 01 16 18 21 31 09 12
13004 07 08 12 20 25 03 07
13005 18 22 26 28 31 10 12
13006 08 20 25 31 32 05 07
13007 14 29 32 33 34 03 06
13008 02 07 25 29 34 03 06
13009 10 17 19 27 29 05 12
13010 09 15 17 18 29 09 11
13011 01 02 08 15 23 06 09
13012 01 14 31 32 34 02 11
13013 13 15 29 30 35 01 11
13014 05 08 25 29 31 02 04
13015 14 15 26 32 33 01 11
13016 05 15 19 27 32 08 09
13017 11 14 22 29 34 05 11
13018 20 23 31 33 34 03 09
13019 06 12 17 29 30 07 11
13020 06 11 20 31 32 05 09
13021 23 24 28 30 33 01 11
13022 03 04 13 17 23 03 08
13023 05 19 24 26 35 05 07
13024 09 12 14 18 24 01 04
13025 03 23 25 26 28 10 12
13026 02 10 16 30 33 05 06
13027 03 12 14 24 35 03 08
13028 13 19 28 30 34 08 12
13029 05 07 17 25 26 04 10
13030 03 05 09 10 28 05 07
13031 12 17 18 26 32 10 11
13032 12 27 28 33 35 01 08
13033 12 18 22 28 31 01 11
13034 01 03 11 19 29 04 08
13035 05 14 28 32 34 07 08
13036 08 12 32 33 35 03 05
13037 02 26 31 32 34 06 08
13038 01 19 24 25 26 07 09
13039 06 23 30 33 35 07 10
13040 16 17 22 26 35 03 10
13041 03 13 14 15 34 05 08
13042 02 06 22 23 33 01 06
13043 07 13 25 34 35 07 09
13044 07 11 13 18 28 05 10
13045 08 11 12 21 25 02 07
13046 15 16 19 25 32 05 11
13047 12 20 28 30 35 03 11
13048 10 11 23 32 33 01 04
13049 18 22 25 31 32 04 06
13050 14 22 30 32 33 07 08
13051 05 08 15 18 33 07 08
13052 01 02 10 29 31 01 10
13053 13 31 33 34 35 05 07
13054 05 08 21 30 32 01 08
13055 04 05 22 23 24 03 09
13056 11 22 30 32 35 03 04
13057 07 15 27 33 35 07 10
13058 20 21 27 31 35 07 11
13059 03 08 11 24 27 07 12
13060 15 25 26 32 35 05 10
13061 01 14 18 21 32 05 10
13062 01 05 08 09 12 09 12
13063 03 05 11 27 28 05 06
13064 21 24 26 28 32 01 03
13065 09 28 31 34 35 02 09
13066 06 07 13 33 34 02 11
13067 02 03 05 08 29 10 12
13068 10 17 27 34 35 05 07
13069 06 12 13 16 30 07 12
13070 09 12 18 21 29 01 08
13071 13 19 26 27 28 03 11
13072 12 27 28 33 35 03 05
13073 03 05 23 27 31 02 06
13074 06 14 20 24 32 01 07
13075 01 11 13 19 35 07 08
13076 13 15 16 26 27 09 10
13077 24 26 30 32 35 06 12
13078 02 07 23 31 33 02 08
13079 09 10 17 21 34 01 07
13080 06 21 23 27 31 04 06
13081 07 09 15 17 23 02 07
13082 03 09 25 26 33 03 12
13083 26 29 30 32 35 04 10
13084 08 22 26 29 35 01 05
13085 08 19 23 27 32 03 05
13086 09 16 26 29 31 06 09
13087 09 12 22 32 34 02 04
13088 03 05 08 33 35 01 03
13089 06 07 23 24 29 04 11
13090 02 26 30 31 33 11 12
13091 04 09 28 34 35 02 08
13092 07 10 21 27 33 03 09
13093 01 05 17 18 26 05 07
13094 03 28 33 34 35 06 09
13095 03 17 28 30 33 01 10
13096 17 19 20 22 26 06 08
13097 07 08 13 17 32 03 08
13098 02 06 16 29 34 10 11
13099 04 11 28 30 33 05 12
13100 09 12 24 26 30 05 09
13101 04 09 13 15 32 02 09
13102 06 12 15 19 26 02 11
13103 05 08 13 16 31 03 09
13104 02 05 11 27 29 01 11
13105 07 13 27 30 34 01 12
13106 06 07 12 13 27 03 12
13107 07 13 14 18 25 05 12
13108 05 10 13 15 18 02 11
13109 13 20 26 29 32 02 06
13110 07 16 18 32 33 02 07
13111 07 12 13 20 27 01 03
13112 02 10 20 22 29 05 12
13113 19 21 23 28 30 08 12
13114 06 17 21 23 33 01 09
13115 05 16 29 32 34 04 11
13116 13 22 23 30 33 09 11
13117 05 16 23 25 33 07 12
13118 04 06 11 20 31 01 05
13119 01 02 16 23 35 01 11
13120 06 14 15 22 26 03 11
13121 03 18 19 20 24 03 12
13122 15 17 20 24 35 04 12
13123 02 09 10 33 34 05 12
13124 05 07 18 21 32 10 11
13125 04 08 14 23 28 04 08
13126 09 10 15 18 30 03 06
13127 03 14 16 19 32 05 10
13128 11 13 27 33 35 01 02
13129 11 23 29 30 33 01 04
13130 08 09 15 19 30 06 09
13131 12 15 29 30 31 04 12
13132 23 26 28 31 34 02 10
13133 02 08 10 16 17 09 12
13134 02 13 19 23 32 02 09
13135 04 13 19 25 26 07 12
13136 05 11 15 25 28 05 11
13137 04 12 32 33 34 06 08
13138 03 08 13 17 24 07 09
13139 05 06 18 20 31 06 07
13140 01 12 17 26 28 01 06
13141 05 15 18 25 31 08 10
13142 06 11 25 28 29 04 12
13143 03 08 14 21 31 06 08
13144 03 20 21 23 35 02 08
13145 02 13 15 18 20 02 11
13146 06 07 15 25 31 01 09
13147 03 09 22 24 25 05 09
13148 02 05 09 29 32 03 07
13149 06 07 08 09 13 05 07
13150 06 07 14 18 22 08 11
13151 02 13 21 27 30 03 04
13152 09 12 14 18 19 03 09
13153 04 05 16 17 30 03 09
14001 05 13 20 23 29 08 11
14002 01 12 21 24 29 01 07
14003 07 11 13 21 33 05 06
14004 07 10 19 27 28 09 12
14005 15 17 18 29 33 04 08
14006 01 04 07 16 35 06 08
14007 08 11 14 21 32 03 11
14008 11 13 20 28 35 01 05
14009 10 18 25 29 33 07 08
14010 05 10 20 26 27 01 03
14011 04 06 14 24 35 07 12
14012 09 20 21 23 29 05 07
14013 10 11 13 22 28 04 12
14014 01 09 11 27 29 03 11
14015 04 06 18 20 30 05 07
14016 04 06 13 24 34 04 09
14017 05 10 11 23 34 01 10
14018 08 09 12 28 34 02 12
14019 07 12 22 29 32 11 12
14020 01 14 17 30 35 06 07
14021 06 10 17 23 24 03 09
14022 03 06 10 16 25 10 11
14023 04 13 15 29 33 05 09
14024 07 11 15 31 32 06 11
14025 19 20 27 32 34 06 08
14026 05 10 12 15 26 04 08
14027 09 10 24 28 29 10 12
14028 03 10 20 25 30 10 12
14029 03 21 22 23 35 05 09
14030 03 14 18 29 35 11 12
14031 06 15 27 32 33 03 04
14032 02 05 06 09 31 02 09
14033 01 07 08 28 29 04 08
14034 03 11 14 27 32 05 07
14035 09 12 14 28 29 03 10
14036 01 02 12 17 29 03 08
14037 03 04 08 19 34 02 04
14038 07 08 12 20 32 03 05
14039 02 05 11 15 20 08 11
14040 12 15 21 30 33 02 08
14041 05 07 11 15 18 05 12
14042 16 21 25 27 35 06 11
14043 01 11 23 29 30 01 12
14044 22 23 25 27 35 03 11
14045 06 10 12 16 30 02 11
14046 03 15 18 21 26 01 06
14047 06 17 18 30 34 06 12
14048 01 02 05 15 35 01 11
14049 03 15 17 22 31 03 05
14050 10 18 27 28 35 01 06
14051 01 07 11 29 30 03 11
14052 14 19 21 24 30 02 07
14053 02 11 17 27 30 03 04
14054 02 03 20 25 34 01 12
14055 04 23 26 27 35 10 11
14056 12 18 28 29 35 07 08
14057 08 10 20 27 33 01 09
14058 09 15 22 24 26 02 07
14059 07 15 17 25 29 04 11
14060 12 22 29 30 34 05 11
14061 04 11 17 20 29 06 10
14062 04 07 17 24 25 02 04
14063 11 17 21 23 34 03 04
14064 08 15 33 34 35 01 08
14065 07 12 19 31 33 07 12
14066 08 14 16 20 31 03 11
14067 03 18 23 24 31 03 07
14068 05 15 24 29 35 05 06
14069 16 22 27 29 31 02 09
14070 01 02 07 10 32 04 12
14071 04 14 15 22 23 01 07
14072 17 19 22 24 30 02 09
14073 04 05 07 13 35 05 06
14074 06 11 22 27 30 05 11
14075 05 07 29 32 35 04 10
14076 05 10 19 31 32 09 10
14077 09 16 26 31 32 01 05
14078 10 15 16 22 28 04 05
14079 09 10 20 31 32 06 10
14080 17 20 23 25 27 03 10
14081 03 05 08 10 25 09 12
14082 01 08 18 23 25 08 12
14083 18 20 24 33 35 05 10
14084 02 07 09 11 28 05 09
14085 06 12 13 25 29 11 12
14086 06 08 27 29 35 03 09
14087 04 07 31 33 35 09 10
14088 07 13 20 25 26 08 11
14089 02 08 12 29 30 07 12
14090 02 03 20 23 28 06 08
14091 10 16 18 29 32 02 07
14092 02 18 27 30 32 05 11
14093 03 08 30 32 34 09 11
14094 13 14 24 25 34 04 07
14095 06 22 30 31 34 05 06
14096 03 07 21 23 31 05 10
14097 03 15 20 21 23 07 09
14098 16 18 22 25 35 03 10
14099 15 21 22 23 33 01 07
14100 02 04 08 12 35 01 07
14101 09 10 12 17 28 03 11
14102 01 07 14 19 20 03 12
14103 14 20 23 25 26 10 12
14104 07 13 14 28 32 04 11
14105 04 10 26 29 32 04 08
14106 05 09 11 20 22 05 11
14107 05 13 14 21 34 08 10
14108 01 02 13 23 35 09 12
14109 15 18 20 21 23 01 02
14110 09 18 19 22 24 08 11
14111 11 16 18 20 29 03 04
14112 03 05 14 18 32 02 10
14113 02 13 17 19 23 01 06
14114 03 16 24 30 33 05 08
14115 01 05 26 29 30 02 10
14116 06 13 15 24 27 04 05
14117 03 14 17 18 33 06 09
14118 02 03 23 24 26 05 11
14119 04 08 09 13 18 08 12
14120 01 04 06 18 33 05 11
14121 13 16 18 22 32 08 10
14122 03 10 25 26 35 01 07
14123 01 09 12 22 25 02 09
14124 01 03 28 29 35 08 12
14125 12 15 19 23 31 04 10
14126 02 09 22 30 34 09 10
14127 02 04 06 15 19 02 11
14128 02 04 16 22 34 08 11
14129 07 22 28 30 32 05 06
14130 02 18 31 32 33 05 07
14131 03 16 19 23 27 03 07
14132 01 03 04 19 32 01 07
14133 02 08 12 14 18 04 12
14134 02 05 07 11 32 09 12
14135 20 26 28 30 35 09 12
14136 04 18 20 34 35 07 11
14137 02 11 16 22 34 02 05
14138 01 07 29 32 34 09 12
14139 03 05 07 15 34 01 10
14140 01 19 20 25 34 07 12
14141 04 17 20 26 29 05 08
14142 18 21 25 28 30 04 06
14143 01 11 14 18 25 06 10
14144 01 21 24 25 35 04 11
14145 15 19 22 24 26 10 11
14146 02 16 23 24 28 10 11
14147 05 09 14 26 34 02 09
14148 03 09 10 11 20 07 09
14149 02 13 19 26 35 01 05
14150 19 21 30 33 35 05 07
14151 03 08 26 31 32 08 12
14152 05 12 18 24 33 01 05
14153 01 08 13 24 32 05 10
14154 05 12 17 23 28 02 09
15001 08 09 19 27 30 06 07
15002 03 14 20 26 32 06 10
15003 12 19 27 28 34 01 12
15004 03 12 14 18 28 05 06
15005 11 14 15 18 19 07 08
15006 06 08 30 32 33 03 07
15007 02 07 08 14 31 04 08
15008 07 10 11 15 17 03 10
15009 17 22 26 27 33 06 10
15010 02 06 17 30 35 02 07
15011 04 13 22 25 30 01 06
15012 03 04 06 11 31 05 09
15013 11 15 25 28 35 07 10
15014 08 16 25 29 35 03 10
15015 01 05 13 17 32 04 11
15016 06 07 16 20 34 09 11
15017 07 13 16 17 29 01 07
15018 04 07 10 23 31 03 07
15019 02 08 16 22 24 01 03
15020 11 26 28 29 32 01 04
15021 22 23 24 26 31 05 06
15022 09 11 14 15 26 11 12
15023 06 09 11 12 22 03 11
15024 02 06 08 16 34 03 04
15025 07 10 20 22 27 10 11
15026 11 13 14 15 22 02 08
15027 05 21 22 25 28 03 10
15028 03 09 28 32 33 09 10
15029 07 10 19 30 35 03 05
15030 09 18 19 26 31 02 05
15031 07 21 29 32 33 04 12
15032 06 21 25 27 30 07 11
15033 03 17 22 26 28 03 07
15034 04 08 15 18 26 05 09
15035 22 24 29 30 35 01 10
15036 14 18 20 23 24 04 08
15037 10 16 21 28 31 07 08
15038 12 19 22 31 35 07 08
15039 03 06 07 16 25 01 06
15040 02 09 10 23 35 09 12
15041 01 11 21 23 28 01 10
15042 03 07 12 17 24 02 11
15043 02 20 22 25 29 02 07
15044 16 18 27 31 33 01 03
15045 08 09 22 29 30 08 12
15046 05 07 10 22 26 04 10
15047 01 02 17 23 31 05 12
15048 10 11 22 24 33 02 09
15049 08 09 11 15 22 08 10
15050 06 07 10 20 28 02 07
15051 01 02 11 16 21 01 05
15052 13 19 24 27 29 07 08
15053 08 25 28 29 32 04 07
15054 02 09 15 24 34 03 09
15055 06 11 14 20 30 05 10
15056 06 12 19 26 35 03 10
15057 01 05 07 14 26 04 06
15058 10 14 20 27 30 07 12
15059 07 09 19 23 32 01 03
15060 16 24 25 26 33 04 11
15061 06 07 08 16 22 02 10
15062 06 07 13 14 15 01 04
15063 01 04 06 34 35 02 04
15064 02 08 20 28 31 07 10
15065 04 05 07 13 35 08 11
15066 01 03 07 13 29 02 10
15067 04 10 18 24 27 04 11
15068 02 03 20 31 35 04 08
15069 02 09 11 22 25 01 07
15070 03 09 12 17 18 04 12
15071 04 06 13 16 34 04 10
15072 19 20 21 31 33 09 10
15073 09 26 27 30 34 01 06
15074 01 12 21 27 33 04 09
15075 13 14 26 27 33 10 12
15076 03 19 21 31 34 05 12
15077 01 16 17 22 28 02 09
15078 19 24 26 28 33 01 02
15079 01 09 17 23 24 04 05
15080 14 20 29 30 32 03 08
15081 03 04 10 13 17 05 09
15082 08 15 28 31 33 03 06
15083 14 16 19 25 29 10 12
15084 10 20 21 32 34 06 07
15085 02 03 04 06 16 03 12
15086 05 09 11 15 32 04 09
15087 02 05 15 17 22 01 11
15088 05 15 28 31 34 11 12
15089 05 12 18 20 27 10 12
15090 06 09 11 17 21 06 08
15091 02 07 28 29 30 03 07
15092 02 14 21 27 34 05 08
15093 16 17 25 26 27 02 04
15094 02 03 10 11 29 03 07
15095 08 14 26 34 35 05 10
15096 03 09 12 18 21 02 06
15097 04 16 17 26 27 01 04
15098 09 14 21 27 33 06 09
15099 09 12 14 22 25 05 10
15100 09 15 18 23 32 05 07
15101 06 12 17 18 32 07 12
15102 11 14 15 33 34 03 12
15103 07 09 15 25 34 04 10
15104 16 19 25 30 34 04 09
15105 08 09 15 21 27 05 09
15106 02 11 13 22 30 02 03
15107 03 23 25 28 29 06 07
15108 01 13 16 26 31 07 12
15109 01 06 11 22 31 03 12
15110 02 07 10 22 30 07 11
15111 07 08 16 24 28 03 10
15112 04 05 15 19 28 04 11
15113 01 14 21 29 33 02 10
15114 09 18 24 31 34 02 10
15115 08 12 13 14 16 03 09
15116 07 10 19 24 33 03 07
15117 06 17 20 30 33 10 11
15118 03 07 20 24 31 04 09
15119 01 08 12 16 21 06 11
15120 01 09 15 24 32 01 05
15121 02 04 17 27 28 04 06
15122 11 13 15 26 35 06 11
15123 04 15 27 29 30 02 10
15124 04 06 12 31 32 03 06
15125 02 03 15 17 28 08 10
15126 04 05 08 09 21 03 06
15127 09 11 14 19 30 03 08
15128 10 12 23 30 32 03 04
15129 01 06 23 25 29 03 09
15130 17 25 31 32 34 02 12
15131 11 17 19 20 27 02 03
15132 03 08 14 18 27 01 05
15133 03 07 08 25 30 04 08
15134 01 02 06 15 35 04 07
15135 05 16 20 25 29 06 08
15136 05 20 23 29 32 02 10
15137 14 17 21 23 26 08 11
15138 01 16 20 29 32 04 07
15139 02 03 05 25 32 05 07
15140 01 11 15 26 35 06 11
15141 02 04 15 19 31 02 03
15142 12 14 22 26 30 03 06
15143 09 20 31 33 35 10 11
15144 01 09 24 26 29 06 11
15145 06 07 20 29 32 11 12
15146 04 15 19 27 31 04 11
15147 01 02 13 18 19 08 10
15148 08 11 27 31 33 08 09
15149 04 06 10 12 28 02 08
15150 04 13 18 25 33 03 07
15151 15 16 18 30 35 01 07
15152 04 05 22 29 35 02 11
15153 01 07 22 27 33 02 11
16001 01 07 19 20 30 05 10
16002 07 12 18 25 35 07 09
16003 04 12 17 22 26 06 07
16004 10 20 23 32 35 09 10
16005 06 09 12 15 20 08 11
16006 14 16 17 22 24 02 09
16007 02 05 14 32 35 01 03
16008 05 12 31 34 35 04 05
16009 05 08 10 17 20 02 12
16010 12 13 15 16 28 02 05
16011 02 08 10 15 23 05 10
16012 05 07 11 23 28 03 12
16013 03 21 23 31 35 02 11
16014 06 08 21 24 27 02 10
16015 01 04 10 13 30 03 09
16016 03 10 22 29 32 02 05
16017 11 18 24 28 29 05 10
16018 05 10 13 27 33 08 11
16019 04 11 15 20 26 08 09
16020 01 16 22 29 30 02 09
16021 01 04 09 10 35 09 11
16022 04 18 21 30 35 02 11
16023 04 09 14 25 27 06 11
16024 01 02 11 15 18 04 08
16025 03 06 13 23 24 07 10
16026 02 06 29 30 34 01 07
16027 06 11 13 15 28 02 06
16028 13 18 20 23 31 03 06
16029 20 26 27 29 32 05 12
16030 10 19 21 29 33 04 06
16031 03 14 24 27 29 04 11
16032 05 09 14 20 33 05 12
16033 03 14 15 31 35 09 10
16034 14 18 31 32 35 09 10
16035 17 22 24 25 29 09 12
16036 07 15 26 30 31 03 06
16037 03 05 13 24 34 03 05
16038 03 07 09 15 33 05 12
16039 01 08 16 22 28 04 05
16040 20 22 29 30 35 01 06
16041 12 23 24 27 34 03 06
16042 02 06 08 19 24 01 06
16043 01 09 16 33 34 09 12
16044 01 06 10 20 31 05 11
16045 07 11 25 30 33 02 08
16046 03 19 22 32 34 08 12
16047 02 03 23 29 32 05 09
16048 04 12 17 25 27 04 10
16049 03 04 05 27 33 04 09
16050 07 17 21 29 35 04 05
16051 16 21 23 24 32 07 08
16052 08 14 19 20 33 10 11
16053 04 13 15 30 35 03 05
16054 02 05 09 21 30 06 07
16055 06 21 27 30 34 04 09
16056 10 12 14 31 35 04 05
16057 08 17 19 23 30 03 08
16058 02 15 17 23 28 05 09
16059 02 10 27 28 33 05 07
16060 02 06 22 27 34 08 11
16061 09 15 17 21 23 07 12
16062 02 10 14 15 35 01 09
16063 08 12 22 27 35 05 09
16064 01 02 10 18 35 05 11
16065 01 09 18 22 24 11 12
16066 10 28 29 31 33 05 11
16067 02 08 11 13 19 02 08
16068 05 07 22 26 34 07 12
16069 14 17 19 23 30 02 09
16070 02 09 13 19 23 05 07
16071 08 15 19 20 33 07 12
16072 16 20 24 26 31 04 09
16073 07 14 17 24 27 08 10
16074 01 05 07 11 14 03 08
16075 03 07 17 22 31 08 12
16076 03 08 10 17 31 05 06
16077 09 11 14 16 35 02 05
16078 07 18 29 31 35 05 11
16079 07 14 15 20 27 05 10
16080 15 20 29 30 33 07 12
16081 06 07 18 21 33 03 08
16082 03 08 23 28 29 02 07
16083 01 05 09 33 35 01 05
16084 08 12 15 26 35 01 08
16085 14 15 27 31 32 01 07
16086 03 05 22 25 30 07 09
16087 03 16 17 23 25 07 09
16088 04 06 17 21 30 06 11
16089 07 14 17 28 34 07 10
16090 04 06 08 28 32 07 12
16091 08 13 17 21 22 02 08
16092 02 13 31 33 34 07 11
16093 01 08 14 30 35 06 07
16094 01 14 16 17 18 05 07
16095 08 12 18 19 21 03 06
16096 01 06 08 12 21 05 10
16097 06 08 18 31 33 10 12
16098 08 09 11 20 29 04 05
16099 03 04 12 14 27 01 05
16100 08 12 19 26 30 02 12
16101 04 06 28 33 35 07 12
16102 03 05 06 34 35 03 12
16103 05 14 20 23 29 03 11
16104 01 20 22 23 30 06 07
16105 08 11 31 34 35 01 02
16106 03 21 30 33 35 01 04
16107 02 06 19 24 26 04 06
16108 10 17 22 23 25 07 09
16109 03 25 28 31 34 11 12
16110 07 20 21 23 30 07 10
16111 04 09 22 26 27 02 12
16112 07 22 23 31 32 04 05
16113 10 11 17 30 34 03 12
16114 16 17 20 32 33 03 07
16115 01 04 15 31 34 02 11
16116 04 06 08 19 34 10 12
16117 03 09 14 16 23 02 09
16118 12 15 18 24 29 03 11
16119 02 03 09 21 22 05 10
16120 03 10 20 32 34 04 07
16121 04 05 08 15 20 01 06
16122 01 03 12 14 29 02 06
16123 04 05 13 20 32 01 10
16124 04 13 24 26 29 08 11
16125 06 07 08 28 30 01 02
16126 11 13 16 19 24 06 08
16127 01 05 15 24 26 09 10
16128 17 20 22 30 33 07 08
16129 07 08 19 30 35 08 09
16130 11 23 32 33 34 01 12
16131 06 13 25 28 30 02 07
16132 04 18 19 22 35 01 02
16133 01 04 05 23 28 05 09
16134 01 03 31 32 34 02 07
16135 01 10 12 18 35 01 12
16136 05 06 07 19 23 04 11
16137 07 20 23 29 34 02 10
16138 12 13 16 29 35 05 11
16139 13 21 30 31 35 01 08
16140 12 16 23 29 34 04 11
16141 02 06 07 19 28 11 12
16142 01 06 17 23 26 06 12
16143 04 06 22 27 31 06 07
16144 04 05 13 22 31 05 10
16145 01 09 11 17 28 03 08
16146 21 22 25 29 34 01 11
16147 07 19 20 28 30 04 12
16148 05 14 15 23 25 06 08
16149 01 02 03 12 33 04 09
16150 01 10 18 24 29 07 10
16151 04 07 11 14 21 05 12
16152 08 17 22 24 30 05 11
16153 13 18 25 29 35 03 11
16154 06 16 17 21 29 04 06
17001 07 09 20 31 33 08 10
17002 07 12 14 31 34 09 11
17003 03 05 06 13 22 09 12
17004 05 08 11 28 31 06 07
17005 05 09 20 26 35 02 11
17006 04 06 23 32 33 05 06
17007 08 11 17 25 27 02 04
17008 03 04 09 25 32 02 04
17009 05 06 08 12 22 03 04
17010 04 10 13 18 35 01 02
17011 05 15 21 29 34 06 09
17012 04 05 24 26 35 07 12
17013 05 12 17 30 34 11 12
17014 04 08 15 24 25 02 05
17015 01 07 19 27 34 01 02
17016 03 13 28 30 33 09 10
17017 04 19 24 26 29 04 06
17018 06 07 10 17 23 01 09
17019 02 06 14 23 25 02 10
17020 16 21 24 27 28 04 07
17021 01 15 17 20 26 06 08
17022 02 03 09 17 24 06 12
17023 05 08 12 24 34 07 10
17024 21 23 29 32 35 11 12
17025 10 16 19 20 34 04 05
17026 10 14 19 25 32 02 07
17027 08 17 25 33 34 03 11
17028 06 18 22 23 33 09 11
17029 01 06 14 17 29 01 11
17030 21 22 24 29 34 05 06
17031 02 16 17 30 32 02 09
17032 02 13 14 18 29 03 09
17033 15 22 23 25 34 05 11
17034 06 12 21 26 29 02 11
17035 14 17 22 30 33 07 12
17036 01 04 09 18 33 02 05
17037 13 15 16 32 34 06 11
17038 04 05 13 18 27 03 09
17039 05 06 14 17 26 03 08
17040 04 06 10 23 29 09 11
17041 02 04 06 25 31 05 09
17042 02 17 31 33 34 01 07
17043 06 13 22 25 35 09 12
17044 11 16 17 18 25 02 09
17045 01 08 11 21 35 09 12
17046 04 17 20 23 30 02 03
17047 15 19 32 33 34 09 12
17048 07 09 13 15 19 03 10
17049 09 12 14 22 31 05 08
17050 12 14 17 20 28 02 06
17051 14 17 18 22 29 10 11
17052 03 19 24 28 33 04 12
17053 06 19 20 22 26 01 11
17054 16 29 30 32 33 04 05
17055 19 20 22 30 33 03 09
17056 01 04 24 27 32 03 10
17057 12 16 19 23 24 02 05
17058 14 18 20 21 28 03 06
17059 08 11 13 15 17 03 10
17060 09 15 20 26 31 05 12
17061 10 19 23 25 30 02 04
17062 01 04 06 08 28 08 12
17063 18 21 22 24 29 05 11
17064 01 08 20 27 30 03 04
17065 05 11 12 19 28 05 12
17066 11 15 23 26 30 02 11
17067 10 17 18 32 35 10 11
17068 07 08 19 24 27 06 07
17069 10 16 20 23 32 08 11
17070 06 16 18 26 30 02 03
17071 01 04 11 14 33 05 07
17072 01 03 29 32 34 02 05
17073 07 18 28 31 33 01 02
17074 08 10 11 13 17 08 11
17075 05 11 16 18 35 01 06
17076 02 07 25 30 35 07 12
17077 01 03 04 25 31 06 09
17078 04 05 27 31 34 03 06
17079 01 17 19 32 33 02 11
17080 08 10 21 30 31 02 05
17081 02 12 15 20 34 01 06
17082 05 13 20 21 25 08 09
17083 02 05 14 22 34 03 09
17084 06 11 14 21 31 09 12
17085 09 13 14 25 30 02 05
17086 12 15 18 22 31 01 08
17087 03 14 21 29 35 02 06
17088 05 28 31 34 35 08 09
17089 03 05 06 15 18 03 10
17090 03 06 15 22 35 09 11
17091 01 05 07 16 19 03 12
17092 03 07 09 17 34 04 05
17093 05 06 17 21 29 02 04
17094 03 05 08 29 33 04 08
17095 15 32 33 34 35 03 12
17096 03 07 09 17 28 04 12
17097 07 14 19 22 34 07 12
17098 06 09 17 30 35 10 11
17099 08 09 17 18 24 03 07
17100 02 05 18 19 31 01 09
17101 05 15 21 25 29 05 08
17102 01 12 23 24 29 08 12
17103 04 19 20 24 29 03 04
17104 09 11 22 27 30 09 11
17105 04 15 22 24 32 02 09
17106 09 12 18 23 29 02 04
17107 04 10 19 25 27 06 12
17108 01 04 15 21 22 04 09
17109 06 09 19 26 34 05 07
17110 10 14 20 21 35 02 05
17111 02 14 17 26 34 08 12
17112 05 06 20 31 32 06 12
17113 05 08 17 18 23 04 12
17114 06 07 12 18 23 01 12
17115 14 19 20 25 31 06 08
17116 02 27 30 32 33 01 03
17117 05 07 09 24 32 08 10
17118 02 07 16 20 33 03 11
17119 05 07 13 29 35 03 08
17120 08 15 24 26 27 05 06
17121 01 06 12 26 31 01 07
17122 03 12 18 29 34 03 11
17123 03 15 23 26 32 01 12
17124 03 29 30 32 35 03 08
17125 07 11 18 26 28 04 05
17126 03 04 13 24 33 01 11
17127 02 15 18 21 22 03 10
17128 09 11 13 18 33 02 03
17129 05 17 20 32 33 04 09
17130 05 18 28 33 34 03 04
17131 03 05 08 19 34 01 12
17132 11 17 23 26 27 01 10
17133 15 17 19 32 33 01 03
17134 07 18 19 32 34 02 10
17135 01 12 15 19 22 02 04
17136 01 11 20 21 22 03 04
17137 01 20 22 28 29 05 07
17138 04 07 09 20 25 02 11
17139 02 06 19 25 32 09 12
17140 10 16 25 26 29 01 05
17141 02 08 21 22 29 03 05
17142 01 05 16 19 28 02 10
17143 06 09 24 29 32 02 07
17144 03 21 23 29 32 10 11
17145 04 07 17 18 19 03 10
17146 01 05 11 14 35 09 10
17147 05 16 17 25 34 01 11
17148 19 27 31 32 35 11 12
17149 10 18 19 25 26 04 12
17150 03 06 10 13 18 09 11
17151 05 06 23 28 32 04 05
17152 02 04 07 23 28 02 08
17153 01 09 24 26 34 09 12
18001 01 13 22 25 35 03 04
18002 12 20 23 27 34 01 06
18003 04 21 23 24 30 09 10
18004 04 09 22 28 30 01 10
18005 04 09 23 24 30 08 11
18006 19 20 30 32 33 03 05
18007 03 04 28 31 34 04 11
18008 09 15 17 20 22 10 11
18009 10 12 28 30 34 03 04
18010 24 25 26 28 29 04 12
18011 03 13 15 23 26 01 10
18012 03 22 24 29 34 07 11
18013 08 24 31 33 35 07 10
18014 14 16 18 24 31 01 08
18015 04 13 15 18 29 05 11
18016 01 02 12 13 23 09 12
18017 04 19 21 23 31 04 09
18018 06 08 13 24 28 06 12
18019 10 11 19 21 28 05 12
18020 01 10 13 14 21 09 12
18021 05 06 08 09 15 04 11
18022 02 10 19 33 35 05 06
18023 12 13 18 21 29 02 08
18024 02 16 24 30 32 04 07
18025 07 08 09 15 34 07 08
18026 01 02 03 04 30 03 05
18027 01 18 20 21 26 04 11
18028 04 19 25 30 35 04 07
18029 03 09 21 25 29 01 08
18030 05 18 21 28 32 09 11
18031 03 08 13 17 23 05 11
18032 07 10 17 32 35 05 12
18033 02 03 19 23 34 04 09
18034 08 11 22 27 32 03 07
18035 05 07 10 12 24 07 11
18036 11 17 18 21 27 07 08
18037 01 03 27 30 31 02 11
18038 14 23 25 31 32 01 03
18039 02 07 14 29 32 10 11
18040 05 07 18 27 31 01 08
18041 01 23 25 31 33 01 12
18042 03 19 25 29 35 05 09
18043 03 06 13 28 33 04 11
18044 02 04 06 18 21 05 08
18045 02 05 20 30 35 05 09
18046 10 20 22 29 32 05 10
18047 03 08 10 14 20 04 08
18048 02 03 11 20 25 02 07
18049 04 07 09 10 13 06 12
18050 22 24 26 34 35 06 12
18051 09 18 28 29 35 03 11
18052 05 16 18 19 25 02 07
18053 11 16 21 23 25 02 12
18054 09 10 12 20 30 01 07
18055 03 07 20 33 34 09 10
18056 02 04 16 28 34 05 07
18057 13 19 22 27 28 05 06
18058 09 11 12 26 32 04 10
18059 01 09 10 27 35 06 11
18060 04 22 27 29 31 02 10
18061 04 10 12 28 31 08 11
18062 12 14 19 23 35 02 07
18063 05 14 15 32 34 03 10
18064 01 03 04 11 29 02 04
18065 07 10 28 31 32 08 10
18066 01 20 23 32 33 01 04
18067 03 07 12 18 31 07 10
18068 08 12 16 26 33 05 06
18069 01 08 13 21 24 02 11
18070 02 05 10 16 30 04 07
18071 02 05 23 30 31 03 09
18072 05 12 17 24 26 01 02
18073 13 19 24 25 29 02 08
18074 03 09 12 28 30 04 12
18075 01 06 12 20 34 04 12
18076 07 18 28 29 32 06 08
18077 01 06 09 15 26 08 09
18078 07 11 12 22 30 03 06
18079 03 04 10 27 29 01 05
18080 07 16 24 26 31 10 11
18081 02 10 13 21 35 01 12
18082 01 02 14 17 18 08 10
18083 07 12 25 27 28 10 11
18084 06 11 17 22 35 11 12
18085 01 02 14 25 31 05 07
18086 16 22 24 29 31 04 05
18087 03 14 19 23 25 01 04
18088 08 09 21 25 33 01 08
18089 26 27 28 32 34 06 10
18090 06 20 24 33 34 04 11
18091 06 22 26 28 31 01 07
18092 05 07 14 18 19 04 10
18093 03 11 16 18 33 03 11
18094 11 16 25 30 34 08 10
18095 07 14 18 29 35 05 12
18096 13 14 20 28 34 06 10
18097 10 12 14 18 23 01 04
18098 02 15 18 25 27 05 07
18099 12 13 16 20 21 01 07
18100 06 20 21 26 30 06 09
18101 03 14 15 23 29 04 05
18102 06 07 13 22 24 10 12
18103 14 24 26 28 35 02 03
18104 01 13 14 26 28 07 11
18105 01 16 19 20 31 02 07
18106 04 14 17 24 31 01 04
18107 07 08 09 10 22 03 04
18108 09 10 24 31 32 07 12
18109 10 16 23 25 34 02 05
18110 06 19 21 27 28 03 11
18111 03 16 27 28 32 04 05
18112 03 07 08 09 29 09 10
18113 08 12 27 31 33 04 08
18114 12 18 26 28 29 05 06
18115 02 06 13 18 25 01 02
18116 01 14 17 21 33 07 10
18117 07 11 13 22 29 03 08
18118 04 05 14 21 34 06 09
18119 06 09 11 16 35 02 05
18120 21 22 25 27 30 08 09
18121 06 07 21 29 30 01 10
18122 08 09 21 30 31 05 12
18123 06 09 29 32 35 02 04
18124 08 10 12 19 20 10 11
18125 07 16 20 21 34 04 06
18126 11 13 15 21 27 05 06
18127 01 03 04 11 29 08 12
18128 11 12 14 16 26 08 09
18129 04 07 21 22 29 03 06
18130 03 04 16 18 25 01 11
18131 12 14 21 32 33 02 11
18132 03 16 22 23 27 01 04
18133 08 12 14 15 19 01 10
18134 04 05 19 31 35 02 12
18135 14 19 23 27 34 06 12
18136 03 11 12 19 21 05 11
18137 07 10 22 23 33 08 11
18138 01 23 24 28 33 04 05
18139 05 11 16 28 35 06 09
18140 01 06 08 12 15 03 04
18141 03 07 23 26 33 04 09
18142 19 24 28 29 34 10 11
18143 04 07 20 22 33 01 02
18144 06 17 18 24 31 07 11
18145 09 18 29 31 33 06 11
18146 03 08 09 13 33 01 02
18147 01 11 26 33 35 02 10
18148 02 06 24 33 34 02 03
18149 01 07 10 11 20 03 06
18150 05 12 13 31 34 10 12
18151 04 08 18 29 30 03 07
18152 02 04 05 12 28 08 11
18153 03 06 07 08 21 01 08
18154 14 22 23 26 30 03 05
19001 06 18 23 26 28 03 12
19002 02 07 14 22 31 01 07
19003 04 08 18 20 32 10 12
19004 15 16 17 31 32 03 09
19005 21 26 27 29 34 05 06
19006 14 17 19 25 30 04 08
19007 03 12 16 29 32 01 05
19008 03 08 17 20 24 06 11
19009 03 09 15 18 26 06 12
19010 03 07 24 25 27 02 12
19011 04 12 13 16 17 04 09
19012 05 09 17 18 19 07 10
19013 08 10 15 17 18 01 08
19014 12 14 20 28 31 09 11
19015 02 05 10 13 30 04 06
19016 03 05 13 16 28 02 06
19017 01 05 07 22 25 03 04
19018 03 18 19 26 34 06 12
19019 04 11 19 25 32 01 02
19020 01 08 16 27 34 03 12
19021 07 13 17 24 33 01 10
19022 01 04 14 15 21 01 05
19023 01 03 14 26 30 06 11
19024 11 17 19 29 33 08 09
19025 06 13 16 19 29 03 07
19026 10 12 15 17 19 02 03
19027 16 18 24 25 27 02 07
19028 06 22 28 29 33 02 07
19029 01 04 18 24 28 02 03
19030 07 09 13 14 33 02 04
19031 03 08 21 26 33 04 05
19032 01 04 07 11 30 07 08
19033 01 02 04 16 24 07 09
19034 08 12 15 27 30 01 02
19035 01 03 05 07 18 08 09
19036 03 09 21 28 30 01 12
19037 06 16 26 33 35 04 08
19038 05 11 16 18 27 07 12
19039 01 12 18 26 35 06 12
19040 01 03 31 32 34 01 03
19041 12 19 20 22 28 02 06
19042 04 10 13 28 33 11 12 
19043 02 06 07 12 15 06 12 
19044 03 06 10 12 31 01 02 
19045 01 04 16 19 33 03 12 
19046 02 08 14 15 35 10 12 
19047 03 04 10 16 32 04 09 
19048 06 10 16 29 33 05 11 
19049 10 16 22 26 27 07 11 
19050 04 15 16 20 35 03 12 
19051 11 15 16 20 29 04 08 
19052 04 10 15 20 24 07 11 
19053 01 11 19 26 35 11 12 
19054 02 18 23 27 30 05 10 
19055 02 04 06 19 22 02 06 
19056 01 07 10 12 23 06 08 
19057 08 14 16 34 35 06 12 
19058 03 10 13 14 32 07 11 
19059 07 08 15 27 32 08 12 
19060 01 11 12 18 21 08 10 
19061 01 02 13 14 26 05 11 
19062 05 16 23 25 28 01 12 
19063 05 08 15 18 21 04 08 
19064 07 08 13 19 29 11 12 
19065 03 08 10 23 27 02 12 
19066 04 10 11 18 31 05 08 
19067 03 08 11 15 16 02 10 
19068 04 05 08 17 27 06 11 
19069 08 22 23 33 34 04 06 
19070 02 13 15 22 34 02 12 
19071 07 13 14 15 22 07 11 
19072 02 04 06 09 18 07 10 
19073 04 11 19 20 24 08 11 
19074 08 09 13 14 34 05 07 
19075 05 06 07 11 16 02 11 
19076 01 06 11 23 29 01 11 
19077 01 15 17 21 33 07 10 
19078 05 10 21 26 30 01 07 
19079 10 13 16 28 35 04 05 
19080 05 13 18 19 24 02 07
19081 06 24 26 30 33 02 07 
19082 06 18 20 21 31 03 04 
19083 17 24 26 28 32 07 09 
19084 12 23 25 34 35 01 07 
19085 04 05 06 15 26 08 11 
19086 05 15 16 28 31 02 07 
19087 05 06 18 19 27 07 12 
19088 01 05 18 27 33 06 08 
19089 09 14 18 33 34 03 12 
19090 13 19 28 30 33 02 12
19091 04 13 20 26 28 03 12 
19092 02 11 15 27 30 02 05 
19093 16 17 26 29 35 01 07 
19094 01 12 14 26 27 07 09 
19095 03 12 17 19 31 02 06 
19096 02 12 22 23 27 02 06 
19097 10 17 20 30 35 10 12 
19098 13 15 17 19 22 03 04 
19099 04 06 18 27 33 07 09 
19100 05 08 12 19 21 06 11 
19101 05 11 18 19 27 05 06 
19102 05 10 15 19 31 03 06
19103 05 12 22 27 32 04 07
19104 02 07 19 22 28 03 05 
19105 01 04 09 14 17 01 06 
19106 05 08 10 32 35 02 10 
19107 05 09 19 27 35 02 03 
19108 24 27 28 31 34 04 08 
19109 02 07 08 20 25 11 12 
19110 01 19 23 24 30 04 05 
19111 06 15 20 23 27 08 10 
19112 03 10 16 21 33 05 06 
19113 03 11 27 34 35 01 02 
19114 03 05 07 20 23 04 11 
19115 01 18 21 28 32 05 12 
