#-------------------------------------------------------------------------------------------------
#五行
#金
09,10,21,22,33,34-0,1,2,3
#木
03,04,15,16,27,28-0,1,2,3
#水
01,12,13,24,25-0,1,2,3
#火
06,07,18,19,30,31-0,1,2,3
#土码
02,05,08,11,14,17,20,23,26,29,32,35-0,1,2,3,4
#6行6列
#对角线号码
01,06,08,11,15,16,21,22,26,29,31-0,1,2,3
#外围号码
01,02,03,04,05,06,07,12,13,18,19,24,25,30,31,32,33,34,35-2,3,4,5
#剩余号码
09,10,14,17,20,23,27,28-0,1,2
#-------------------------------------------------------------------------------------------------